6.278922856211267 9.169487951728842 -1
7.428297844370487 1.737813791173336 -1
9.160249573053454 9.896972970244612 -1
6.191511433432932 3.24913365550369 1
0.02032306521034366 6.072048532575512 -1
7.564128527887282 2.390675053265193 1
7.151124117347764 0.32385183205515866 -1
2.126284318595216 8.772511006147573 -1
9.703317555713792 1.733367861406131 -1
9.110330370291484 6.288986598253301 -1
7.300849408186271 0.33210165172981143 -1
6.064299823456932 1.762104902883751 1
3.0017113399545634 9.516680229300183 -1
8.350882245418884 4.436252988981887 1
6.574340833477343 1.6571312538870486 1
1.8121622770157086 0.2432059988914459 -1
1.8740178276044517 4.403384927794393 1
3.5895788379077587 5.287626245958191 1
3.447843657836356 5.742462321541155 1
0.5827621142151707 3.8888929652388047 -1
7.897828656982698 3.283093993429196 1
7.045594196812175 6.079916714653658 1
0.1482339761689211 3.5491530920382095 -1
0.7785612673317932 2.9458867084109963 -1
7.860046571464191 2.9328477691608 1
1.6252548448538473 9.367810675056027 -1
2.424042427979012 7.888661370459454 1
9.965667418932815 8.82747652666719 -1
0.016827461385652276 6.200767953088104 -1
9.310453778048233 6.5348458945804255 -1
4.459367736928607 7.912015879851539 1
6.054365860179818 8.616433685427463 1
2.4398110185437494 8.901451321174505 -1
8.500626252237764 9.655146225905183 -1
2.1511329863363535 2.3637579507434294 1
8.732694216522836 3.552517931534057 -1
6.884274119401548 5.058716486241237 1
3.107396468179707 5.267573454588637 1
5.830288754371934 9.807159073220362 -1
1.1743927749204663 8.314747282653766 -1
6.317627561712527 6.834845399421763 1
8.428870268255947 9.160249609423927 -1
2.020521839046082 2.324899661215075 -1
4.422247447387394 3.876089595700373 1
5.038757073648494 5.383326962548773 1
8.560199449081138 1.018366173794688 -1
5.885732354197351 8.945302125412844 -1
7.176989606364526 3.113624073639718 1
6.402596804528843 5.863319015532955 1
4.16296830041495 2.7722984697342934 1
2.0114850828078135 6.693683276296475 1
3.954503870284738 7.546731124603731 1
8.664857481472254 5.089669206127157 1
5.015297183722051 3.149729210394482 1
5.876835724311018 3.6651213787334047 1
7.6322178744612446 3.523178079347743 1
3.748104828159038 5.30176806299141 1
6.309856699278903 7.769165107790654 1
9.667249113625433 6.377983514968776 -1
7.313266362491922 3.377650130568479 1
8.515290428670445 4.836186735818812 1
9.78237174379252 6.455555709934132 -1
2.6747119645396946 9.472199423988524 -1
7.134807182002609 0.6464949855597324 -1
7.8542878916058045 9.823514649893678 -1
4.736655964291996 9.469405263689282 -1
5.115042992694466 5.8526826416018105 1
1.4892823633014107 2.8703050980197995 -1
7.799762433771394 8.395225255186624 -1
2.935160262686413 0.045499731257054865 -1
9.070633157235537 3.444078425135748 -1
8.75187763703503 2.6002284996674407 -1
4.5962096290339725 5.109407765049746 1
7.360899016924927 9.600519868105836 -1
3.080199050396264 5.325282223344933 1
0.8233708664056916 1.8689620911770277 -1
4.681096983002862 9.789678117914441 -1
8.505860088895336 5.809684654658966 1
3.4502966665766435 6.695218911152208 1
3.2155050981995457 7.396465514952283 1
9.281753939461124 5.903642065823988 -1
4.029019390297154 4.5166864314382895 1
7.3700228833852215 9.620317806976674 -1
2.888495412709784 0.3139322540492384 -1
4.499559378457486 2.2317832999217737 1
0.3710177497452116 9.387767223905533 -1
0.8575325476940021 6.735716873262989 -1
5.166223399160385 7.492635452815943 1
9.940157542016157 1.9474209354970284 -1
1.8556589884887964 4.008187474656138 1
0.41213283807154943 0.20430345368081748 -1
5.071461538789949 8.864935825469262 1
5.039755231217028 5.035562670955498 1
0.6574046282151302 1.3946540076497493 -1
3.210109531978751 2.2279478646534843 1
4.8388141613636195 0.3344542489465496 -1
2.62553007822683 9.935384335230884 -1
3.574674192286398 8.784620438629888 -1
8.019330340677488 5.172980974713716 1
8.671195209001416 1.8742750302949973 -1
2.775416791214307 3.9995468789813557 1
7.543974814846725 8.264066902254061 -1
4.817037716156353 5.294871469722762 1
1.1810162150219239 7.411858589675583 -1
7.6246183822107625 0.2769421083764756 -1
9.479526508520646 2.748386417446944 -1
6.085041641661113 8.753588132057967 1
9.889644423063672 6.00411779725647 -1
0.4393414630864312 1.0308090264422742 -1
9.568307973162405 7.569469415806116 -1
5.784340105727547 8.702160236974356 1
2.97745041914097 9.986609565762224 -1
8.179615896839497 2.44881795945719 -1
2.0206674179345443 5.592093012958732 1
0.14198457436845446 1.4228527513617573 -1
2.2028805953737027 6.504879190932122 1
3.7521083765825214 0.8790841067243416 -1
0.1396535016531275 3.2940527961699684 -1
9.282177982063297 9.233428327243839 -1
9.610053492573208 0.5939609967631598 -1
1.607301562343807 7.851417368364327 -1
2.8626090653481984 1.3282262605155692 -1
5.819312701724005 7.2499095407961 1
0.03732347361412813 2.155841374535238 -1
9.27901291406694 2.355074719721597 -1
1.3177532964022642 6.666848245346486 -1
2.622214415019335 2.165860409291769 1
4.001751346791328 8.92661487148256 -1
6.087577760418617 8.760743983568295 1
9.756471331004024 7.909580105312797 -1
9.908225223180526 0.7646085814741155 -1
4.2848445870292595 7.102058938729494 1
1.743820445816494 1.3347102847772074 -1
5.9178501231611556 7.474972577484099 1
0.4036576139362269 2.150193497435595 -1
2.0564793870653384 6.44322371904125 1
8.327801895651733 5.336960597311048 1
1.8943656921055785 2.7257413706352818 1
7.181538822583722 8.393493407798013 -1
4.036158807808632 8.769202981336603 1
1.06931238768866 9.439634820947028 -1
3.5550084541648252 6.082225379224585 1
5.544743941736575 5.532956411756213 1
1.5739787914988335 5.9159095001657835 1
1.3963491959794239 5.955039909380396 1
7.693936656309711 7.0433509290671195 1
7.4051685848509265 1.1938435812037862 -1
7.28307036538149 7.0139542509503015 1
3.155569628480314 6.750460687404764 1
6.631806131718225 0.45013318079490383 -1
1.5366248024877316 8.314950504021878 -1
2.982874523141128 3.3939050996749764 1
1.4221793182588283 3.445534093036857 1
8.063434115114609 2.645453245204105 1
9.627194681685182 7.918643036714558 -1
5.521166000422735 7.064899293599883 1
0.4207265344972999 7.043171985725566 -1
9.413694564824516 0.26139847796957105 -1
5.772715220227869 1.421835995523878 1
0.995953621736817 0.04864859197532656 -1
5.225919914643584 4.730185917902828 1
9.306747535215175 0.710262511750126 -1
6.378702658472962 5.705093622933943 1
3.7131077793085665 7.9686074325381115 1
3.7993906430608613 6.543466345000307 1
4.14614112818263 3.511500923967157 1
4.642857510221586 6.810092605196539 1
9.61064431907099 0.2033525249558077 -1
1.0047724341778486 2.0963011365290973 -1
9.9085943417351 4.027567222373051 -1
8.305962349125451 2.6382093899299495 -1
0.23743555062184396 7.069307545417026 -1
4.134236155886697 5.7886529113896685 1
9.878600987394693 9.989840736865709 -1
1.9356288015447976 3.7601839239453536 1
3.6268418277705394 0.5416156943286721 -1
1.6387215962000201 9.014911277524483 -1
9.906996138442128 2.92340744563654 -1
8.35193594023815 3.600050875360391 1
6.516135829345295 2.959985834009089 1
0.5626362389739292 9.989347960003874 -1
5.2525243526781935 9.813193718742095 -1
8.196889411534455 9.105560575755394 -1
5.454417094209758 4.796793453617056 1
2.225772715232023 4.214461915025909 1
4.0431487745804 6.254290603213618 1
0.22328901880837693 0.6869756483713096 -1
5.129674801514814 3.2141273383500604 1
9.079405244769905 3.4246619784258368 -1
9.248355466836344 9.479529072048729 -1
3.828482030357341 0.8750900353914104 -1
6.038307588719711 8.511858257223297 1
5.787552368128357 8.682912627325589 1
0.12416447584016388 0.006933323347138032 -1
4.195926520944032 2.2235809306832923 1
5.0378360693302024 7.393825129509009 1
5.823408406205691 6.033641062150919 1
1.7263435431366458 6.246917549290555 1
5.01537600207342 2.7033809606850854 1
3.531749075364623 2.678074045948613 1
9.280642137734853 7.3542221397557945 -1
4.936788340793163 1.564212388616505 1
5.524747108572662 2.351343474922168 1
4.673787348706107 9.875027963010297 -1
2.0852323842349554 4.289855615814768 1
4.90943635318861 3.079639011669344 1
4.494130446545922 5.70728740462857 1
1.3186399340892152 6.192064730214689 1
8.721525906438426 5.179032209365798 1
3.50334022952027 4.664438141025925 1
7.71549803786328 1.12641231853838 -1
8.965282502731853 3.5437882511885075 -1
9.61530029133176 2.580901072996513 -1
3.425970374748063 4.8844247447555125 1
0.2972492506202651 2.506065093358675 -1
1.6952646952932537 5.77048045607039 1
6.7003344901852016 8.01458579833759 1
0.8429394309393456 1.3261248835664363 -1
6.765149352248999 7.430676766263415 1
8.040577352157266 4.870715877228562 1
4.5531264526918145 8.982725221482882 -1
3.0848161206342226 3.0191530850723036 1
4.394570967584045 7.894487528218768 1
0.04302679391886555 9.584904581058781 -1
3.5865517846494974 2.6954144092580035 1
7.134444121198982 9.057688429204758 -1
3.211442952581801 0.3228315317345587 -1
2.3535426654928946 8.361682305239174 -1
1.0309934605224824 2.891021240643461 -1
5.4012991529539995 4.669236628807425 1
5.364918795811759 5.43932371186954 1
3.3578571290263506 8.326311411256079 1
6.616344632208689 2.524764702551374 1
8.334131294712991 5.923617503289094 1
8.15190388694034 3.8687150561934702 1
0.8583458760094753 6.791700909436131 -1
6.137513261202914 6.424673788215656 1
3.367156987190194 7.736580471918696 1
1.9106191023354424 5.905403826089524 1
7.033372023990129 7.809436972208381 1
4.671360439980228 9.210830000374564 -1
2.8877259426617083 4.149530107296835 1
6.511052029967748 1.389674841681875 1
8.863790431695888 0.18547181839474014 -1
1.8305201760400935 4.712810641365555 1
1.8471238598075568 5.142300008116489 1
1.1090254267255617 6.829469972085102 -1
0.8776775504241074 5.943220060837573 -1
5.8011431085559915 1.0276660031965557 -1
4.125234351922806 5.0651122510061946 1
9.666982228587962 1.4485137189387876 -1
7.588271496598566 8.608005279914668 -1
4.438743551246738 2.962245644263052 1
7.263875714624984 2.5899153270159303 1
6.517325682371151 3.1825508765063946 1
3.847956320635948 6.365291816111478 1
8.091643847614955 8.212928422956407 -1
8.487257000915008 1.505277554851847 -1
9.262827913164195 9.8232670400372 -1
3.8902037787739854 1.2439099817374366 1
8.529066545076313 1.1583458708632766 -1
8.032699028981533 9.904486133889833 -1
7.722851314394851 2.9388712520410873 1
9.944864354078982 3.3419800530991273 -1
2.3505741186188844 1.4467434637439758 -1
6.656792505305205 3.707251108775128 1
6.1069596047153265 4.408813219839346 1
1.642248448336484 2.023353368728973 -1
6.552374170153891 7.991035120037279 1
3.9164417602215806 3.390889774968575 1
4.205393896190191 2.2223830282773207 1
7.946476228101923 5.818899059309482 1
6.469038021834292 1.8857332551415507 1
1.6688801369349304 8.895215409412708 -1
3.8247227553204133 8.193516416898387 1
1.1115792309100592 1.50797171482685 -1
3.181692479242976 2.3994413060847766 1
2.9410501993972127 6.42843099643822 1
6.155289399669637 0.9802920613798316 -1
8.184485648732988 7.638448346098156 -1
5.857887389385756 5.887978309146169 1
2.5440228203842405 3.250286343836221 1
7.087367063289566 9.841029509543512 -1
3.3725592601427934 3.1650477347400177 1
1.7211141482817705 5.415654208390315 1
7.273039519382217 4.950143900928536 1
7.902733772530337 7.544323323390212 1
7.890224836194353 2.330535394630836 1
7.066872896131207 8.659187505651403 -1
2.3113453592398248 7.382641857333828 1
2.0806495806705994 1.8065459303920606 -1
0.15785391757516254 7.058986534873235 -1
3.160874659665703 0.8408711999871865 -1
6.453636476658305 9.569405303397897 -1
4.060793136705265 1.834582676895481 1
9.003725143771787 8.523990245726328 -1
6.602116830416074 9.299903490877812 -1
4.59781786801492 2.366136764314489 1
9.24354252050699 5.534383753499328 -1
7.9611415912883 4.97591469184579 1
0.4998651825413991 5.132335211004513 -1
8.119991940377867 4.120243136995728 1
0.905652977562913 3.9007722643637233 -1
3.1795829176986903 5.431818949976565 1
0.02247492509092952 0.4375090570608109 -1
5.573158945204392 1.2422259969724514 1
9.484154044110465 7.181054764123421 -1
9.75647536840037 4.976816207136197 -1
0.6090558391735212 3.2550245852794313 -1
2.352618519786377 3.4061330891014663 1
9.69094613945723 6.850070915975534 -1
5.093394533961525 8.860004995625841 1
6.127674427769492 0.4529931605411597 -1
0.2955597920758235 5.927569750514717 -1
1.397542557554493 2.2875255629007185 -1
5.29265992479893 0.15415279192466436 -1
1.0243216519262244 9.319687588561496 -1
0.009839811191320047 9.919066027927165 -1
4.5223574407858615 9.973814078042256 -1
8.697495046757918 3.9674156659556536 1
6.417568585240838 9.864030537180179 -1
4.536605360452697 7.200180788036292 1
0.8735557303140418 0.5283393892360244 -1
7.485908925385319 5.0063120739376155 1
0.7011367293240267 1.047980151614194 -1
4.7804706787438285 1.4876183902021767 1
1.0587655297268073 6.864709874416822 -1
6.91651992382984 7.510924208851998 1
5.602122095522992 6.020738459764102 1
8.609174986198918 5.2831647121520575 1
7.301913764613785 8.935229950026786 -1
5.299387788997505 4.202459173845908 1
6.500002736576428 5.131818037969533 1
2.302348704441658 3.10917094013329 1
2.6003243879688718 8.093851642912872 1
9.002793621017211 3.002647960425117 -1
5.275827283925267 2.1307244291197405 1
5.283754418680741 5.543810782129378 1
3.125982591090489 4.475489112191704 1
5.639161313477317 4.732222272500584 1
6.322876032002051 6.707489856237926 1
0.003223037027859643 0.9744307489898973 -1
7.2220199397328475 7.925804321102544 1
1.2190867240265846 0.14600628788011716 -1
7.775955372770453 8.741037246255178 -1
5.616590256169691 0.5847360993785711 -1
0.7118797035531421 0.10521738209439246 -1
4.72429156543626 8.72859178204764 1
9.793170105460486 6.206292503974855 -1
7.788425736075425 3.15085283823052 1
2.7795894733455206 6.0257826991869115 1
8.450143991879456 5.558756988815202 1
4.618525531586077 7.765533883753356 1
4.718728233803354 7.299027995849334 1
7.61726495019423 9.04035411869603 -1
0.8968908048858648 3.296703705574119 -1
2.3642424685130625 6.194227090283682 1
7.916298562492139 6.968406276645651 1
4.066051657039696 0.751992955811861 -1
7.498873662764684 5.762124046353247 1
6.606161460150658 1.9451005474771443 1
6.661427030037743 2.3785010657737238 1
4.672973897020052 8.11559306683135 1
2.0617862988166524 7.797634276807744 -1
0.5280405863378823 0.801738633284107 -1
6.849020830131634 5.26600950406748 1
8.370945125964157 9.395397662872808 -1
0.9807009004750189 1.541053426067227 -1
3.647654779908509 8.043566539836483 1
5.318986811483576 8.268953352205873 1
7.76216126650262 7.904854079996461 -1
4.009145668848398 1.5311471812014976 1
2.7674331274754103 9.458939589260254 -1
7.689123119084896 7.431547443137897 1
7.671391140705724 3.8333936142608316 1
0.6396277834269737 6.220780741013968 -1
4.9372001502811615 4.287682453302821 1
7.316144368057337 1.4685092348373652 -1
0.42956565256949464 0.7980372294160143 -1
1.4631553451278967 3.4045938305749845 1
0.13446428943632904 5.237568634072705 -1
3.122851446371302 8.325724314781107 1
0.773908229314223 6.163736631171184 -1
9.586720958478914 4.910027641986963 -1
9.303577418389974 3.1652049779244495 -1
4.484400836101457 9.408982634970565 -1
8.863157462743779 6.604132503726936 -1
9.329670661129555 6.355227722129319 -1
8.938969415625102 7.205300796543312 -1
8.358006078686422 8.206267195480528 -1
0.722896027668255 1.5380747651589743 -1
3.248958939675657 8.717115629396394 -1
6.136567932829147 8.008332111346892 1
3.416302469261555 6.7814647441608065 1
7.798464226963371 1.0007159220377626 -1
5.272856033829649 2.4377680139075117 1
2.5254921604823166 6.8084150479146155 1
0.6520938361282147 8.768101571732863 -1
6.229405063135048 0.6138445898782452 -1
6.258628231904847 2.35635021198225 1
6.100772797227729 9.928455510445396 -1
1.4610134950583231 7.5199893521016055 -1
7.533789583479549 0.3764601767477116 -1
2.9758885166804494 5.187718545855918 1
8.016016195109218 0.08496102521141857 -1
9.101260961851807 4.020642135043634 -1
4.953306013542803 9.674526557967502 -1
5.942403440479258 1.0306872901908826 -1
8.930105473045685 2.7617354591233823 -1
6.0468177438254775 6.288055917742518 1
8.533396027309552 2.8526262699744076 -1
9.666750799578654 8.447313096911987 -1
7.333929569477818 1.6709142705663393 -1
1.908183044703845 1.4672233530366563 -1
8.109299654902747 4.7342229294670695 1
9.35079573878285 4.570413400195052 -1
1.8317387367776827 4.303074403488653 1
6.792190659634729 7.532137165935726 1
5.94933722536111 9.406492035420031 -1
7.561432965681167 4.6256891938105476 1
6.578964255515311 6.566076399116534 1
6.612428268777688 5.990164289848208 1
3.7083415162826086 4.148078510615107 1
9.48739198181116 3.1840631911395736 -1
2.998554812475186 9.214699461527289 -1
1.5871575772362378 4.035035577332174 1
2.5906796091660955 9.551957545586632 -1
5.776898682856509 4.958315869698326 1
4.278729942248015 8.674234225018099 1
2.4854262723881893 3.2509329065737456 1
5.930300136751915 7.472465496442973 1
3.737343017885 5.053592408089601 1
6.456440709367028 5.456524146834698 1
4.256775357047521 8.86790311019858 1
6.010685217417508 8.931707681948495 -1
4.854296876933162 1.4903820536070667 1
2.5991605002543547 3.322185643919917 1
3.3965764947869426 5.076215663975362 1
8.00848851774869 3.243934161407782 1
5.363953224438865 1.6188545574520052 1
6.927923290881356 2.560027483966567 1
6.185349254294463 9.566189081257365 -1
3.3347792339275353 3.7904675979939295 1
2.229210286761801 6.048639809150162 1
9.794377851543578 0.24019371102630305 -1
3.1014031500137493 6.72689912361389 1
6.1166868520089945 0.39634092471977134 -1
6.892645583774809 7.925071800843067 1
2.7509566360822193 8.11951166234831 1
7.521110042519529 5.405935204053294 1
7.544806806688362 7.674296513945303 1
7.445376149538342 9.812199223388488 -1
5.064516497102762 0.7024970304921463 -1
5.367148500760781 7.548800431925329 1
3.6422257438034533 6.379032364183517 1
7.106829091719603 7.534244686032645 1
5.129991241166887 5.536215757826243 1
2.0623566902813515 6.800447066550969 1
4.327814802234821 8.598327012143068 1
8.491282873394958 1.6555411218785454 -1
7.007262018063926 5.828044693876229 1
4.1843296615539955 4.249111939997903 1
9.452771833674488 9.56703370458552 -1
7.420021155848415 3.5745705577979536 1
0.8677715381625062 1.9685082897572581 -1
3.9544231387906494 3.272223669590274 1
9.84181246280738 7.576207009533993 -1
4.249070701198281 0.5361388523282284 -1
6.903018242771745 5.354048422143288 1
9.914955418489612 5.938821390583976 -1
5.9777418551155375 4.181660920763753 1
0.9102582582753316 4.880440608792222 -1
0.4153765447977442 9.412335516631824 -1
2.6036035983266514 1.6756984258151153 -1
3.573388189838166 3.3377418660558 1
3.1639362777295 6.684774696955655 1
8.650675892662875 5.803402127963718 1
2.0532703361263858 5.3500329863885 1
1.7306370301843754 5.765442968008971 1
8.23951659368602 9.099531192450888 -1
1.0904050818987832 1.3115239159300707 -1
7.860608329978309 7.3586016672521035 1
1.3955369599730683 7.719120847247856 -1
4.263012544164352 8.361136752253394 1
5.933023706481933 4.403118798663721 1
5.5696678661176735 6.194538440408099 1
9.432104480828087 7.55722284664091 -1
9.740222073173701 2.122559854647882 -1
5.581120319644324 7.238844784917849 1
2.8619501261949774 4.273412995644009 1
2.552349505637882 8.044744611230271 1
4.485231662712122 2.0960897332598782 1
7.142238961235792 1.2226576928612887 -1
4.743446157676242 2.853121313903666 1
7.401955663808826 9.831867116148453 -1
9.733389938377883 5.042418056806849 -1
6.1903519696264295 4.9926292449537435 1
1.598066030429769 1.428229271138467 -1
2.4548622017948474 5.02532489413075 1
9.520984093248005 7.508108140418272 -1
8.282506288149431 1.0569116922095834 -1
4.154086494783888 9.915538356568058 -1
1.7265610650735141 5.876599387106709 1
0.12053255613976077 3.5534813295649945 -1
8.531817939577069 3.7478720169703994 1
0.07695796199177374 0.6441002997365308 -1
7.632085834179245 0.2759124355982634 -1
6.177146998497946 6.944927903350059 1
6.457511000196351 4.2427722228505 1
3.5157183181551757 7.048009447245239 1
1.8267739311131448 5.5570023119419965 1
8.595758456065152 3.091445493951277 -1
6.105229800642712 8.96488181983891 -1
4.953245680233378 4.176835396976381 1
9.420603057946536 9.293519995312812 -1
5.047600619492272 3.141729945372136 1
6.559400366316939 8.612248276486836 1
9.066892032952861 8.298944691076752 -1
9.909769201906363 2.4819253907589034 -1
7.544266038570653 5.96909643619788 1
4.183207556884721 9.708169127197078 -1
0.661131761232463 3.274674854288474 -1
0.6784558938710394 3.037053691129654 -1
7.358565829291164 6.3369038286883095 1
8.90508311568209 8.426782910175321 -1
0.4002921930174552 1.2667608565519772 -1
7.019704890569778 0.021196438085513414 -1
3.631173769575591 1.4581877495931639 1
9.892134279877991 5.638057604800803 -1
0.7657355990216852 4.7046225686777055 -1
4.896169167018211 6.453275439396169 1
6.372981684328388 3.234481474114758 1
6.404259361004931 1.9574539231600907 1
4.700085715501354 3.360382359372327 1
3.1045950556503046 9.516185202991858 -1
0.15955558055132046 2.503094609447216 -1
0.49696037297672024 4.70327782226719 -1
0.6687616576477395 7.8672068184805175 -1
1.4091018058928306 8.195135570878524 -1
6.200975520000348 8.274498369663362 1
2.018125519218925 7.463732644980746 1
8.75037476848631 3.0687287193151622 -1
3.7451681044679495 4.418628156267497 1
6.317960557789814 8.770712582172765 1
7.436653198811004 8.920638299837137 -1
7.597530781699183 5.874424177908441 1
8.209869052808456 4.645027129189349 1
4.1025653727533316 5.791054744695842 1
6.079852604554347 8.009054025858099 1
6.659197011970726 8.938292718587071 -1
1.2290404899042695 7.4803972196888395 -1
7.083566956493163 8.794881370433986 -1
4.874636519035129 2.1949120001074327 1
7.407784457926169 7.140577002179133 1
6.540990505701341 4.406853213955655 1
3.441871844275217 0.5404090215367408 -1
8.938940034809193 9.810328788990393 -1
5.608248237885132 1.1119955037612717 1
1.7045622817003925 9.831255391049075 -1
1.5343580363311082 1.9878308550937007 -1
0.5191878790371862 7.956755139915783 -1
9.397352246121008 6.847792233346554 -1
7.983811608569295 1.486152831815034 -1
5.2711872052001585 2.457311746767541 1
0.9438285729245677 7.084155169286475 -1
8.461104099905732 6.297932752341114 1
2.925472824465012 9.488457729670996 -1
2.8689300168073584 8.292743143117535 1
1.348319669456609 4.3108681743944866 1
6.153240061734696 8.479555264562839 1
8.138594166632917 6.695104879288874 1
4.876641268347843 4.543499415901828 1
6.005549171613575 8.65247975742218 1
3.1080780553591394 0.02620090036932532 -1
4.4424462161762355 6.78729531952122 1
3.8712173950119277 1.630665742160139 1
9.99691960177141 6.68062923005553 -1
9.612961517485578 2.4855380386415957 -1
9.209337643034834 7.077240919876704 -1
2.0288207841295858 0.8232209269158108 -1
0.7888160084973594 2.9372584349531183 -1
8.49017353888219 0.7082314149669222 -1
4.313329376767473 0.23526610321082053 -1
7.917099462436575 9.77378323304021 -1
2.676008629023613 7.6246378993014154 1
8.948651141749975 1.5353515914038396 -1
6.616391436305945 0.45266889441577973 -1
5.418634033365064 2.9421957488113506 1
7.293457849378297 9.67168782572627 -1
1.1018599169435561 6.038182982746825 -1
8.953351809135183 5.004859552761387 1
2.7653160126515077 7.80598023264795 1
3.4442606935417155 4.645530874111224 1
4.158221120133919 4.611424073029157 1
1.9922958809435465 3.3894222584457134 1
2.3393597353966946 2.584397184487898 1
8.727195165853146 4.242129419565762 1
8.264292433751079 6.824899501682263 1
1.2528763841261847 9.158509590181692 -1
0.4505871919323745 2.4835338411117025 -1
7.566061664749675 4.372297768609697 1
6.073675359197952 3.8934670038861774 1
8.900259653792432 7.699973346315047 -1
8.390984755851228 6.79750709218632 1
8.59167841533233 4.523481761579955 1
8.741204580030821 7.7643356152166 -1
1.4614984922536711 4.0189376443015306 1
9.087713897002663 2.60607952568475 -1
7.776215010008221 5.994286073044583 1
1.683415825972444 7.887012684654997 -1
6.792301788632928 6.021803117605314 1
0.7033602674921358 0.47157495214009804 -1
9.86792009451962 3.7115954354070557 -1
4.691091396436996 1.8345263045662419 1
3.2677914480099393 6.8598149042011425 1
6.4223219540241665 8.394716862853587 1
2.3346095431911404 2.236500303403698 1
7.830350551624091 4.267499503569272 1
4.470892507262228 2.0134369813212616 1
0.0732653386232951 7.297419003589496 -1
8.565148511014112 8.174867151393848 -1
0.6855240306126698 5.596826288832943 -1
6.5418987575975756 6.059681570786527 1
2.974669644680147 2.325775400289575 1
2.3535641521135373 6.734864878210795 1
4.6722717575288675 1.0235113054886447 1
3.02339778766152 7.55783954096533 1
5.887291922383061 2.5400685063318296 1
4.706426203470939 0.9224335623844704 -1
4.037071592960501 0.49335187120447044 -1
1.3274875901691419 0.8700561690835518 -1
8.031013543757727 7.18957975523354 1
3.548380444385751 3.566657477954468 1
4.40092392772354 8.88879734441997 1
7.068868148793586 8.27130850641821 1
8.318344070063388 7.304892710294302 -1
1.8598057332572726 9.567843836679275 -1
5.341116927800541 9.89917730285258 -1
5.966288919235584 5.9029385608036335 1
3.3421649521074515 0.4170806286478079 -1
1.9777758154795566 5.0167719559097 1
8.245145051579604 1.7500422774872437 -1
7.563767130453102 6.831236716611967 1
6.640705692100504 5.882405789218657 1
8.052791444701022 5.455590706587829 1
0.17775558771329525 9.078635878517836 -1
6.996859054505874 4.6318971559794235 1
9.812314805237001 2.14091925123965 -1
2.768984424219795 2.856605671985275 1
0.6870202906221912 5.424168223606279 -1
3.8296141761568423 9.88892072115513 -1
9.595507867058435 2.686200363868613 -1
8.435774213336225 7.834623539957231 -1
5.755091867714791 6.9660274833702545 1
4.005526639391913 2.795154198508558 1
1.3599785164522893 5.223554053153481 1
8.20164258437453 9.830707939341766 -1
6.228584917010666 2.87314025527687 1
7.567019338087606 8.627761852948913 -1
2.0473855269002463 7.113207287349348 1
7.855856376610168 5.499258586521 1
0.7487728433815399 1.5510655103992677 -1
8.449595456907055 2.129122227065637 -1
2.9449389281877023 6.568216262128388 1
1.7557419168597777 2.2102147959681737 -1
7.703439062709366 7.873106746533384 1
5.561533414686668 3.5471254263025944 1
5.8252652456302725 2.525006080106592 1
5.445464415233252 1.5389248139268685 1
3.60924472107392 5.637120068700451 1
0.32795114691220983 9.078759673107013 -1
7.164087082307292 5.055981104780619 1
1.0447165126819014 6.676060615522345 -1
3.416869199281006 3.8639397072748904 1
3.9796496706031825 1.3150096737789418 1
2.960042273977902 2.0652728425067304 1
6.349728289153102 5.821941294646484 1
7.601702810240331 2.6346364302021397 1
9.167917230898832 6.9838677273809955 -1
6.979024343741367 6.902170805756036 1
3.622726519077757 0.7000941854030351 -1
9.813629182593168 9.808450210554323 -1
3.5541756304138428 1.7812938938666412 1
5.935468238609354 9.088627931045524 -1
0.5747517238566968 8.539916548401955 -1
5.947215637217744 2.7548307550511772 1
2.978194765329103 9.9986734339366 -1
9.053442761172422 8.065481319193188 -1
6.088342049354775 4.030519889694251 1
1.1916290431899368 8.216368505740421 -1
0.7210575636812777 2.4940679318152648 -1
6.085358644784723 0.6476039780189857 -1
3.690294032495408 8.998073841310882 -1
0.3488692190915954 0.08112252482804672 -1
0.6606920295795382 8.811962458872218 -1
4.9479150013413244 1.696837010222092 1
7.662950745221604 2.1349896268762802 1
2.208631659688345 2.910537800136842 1
8.665808569882568 9.4252462365301 -1
5.475087772114769 4.787840247394182 1
4.455700294523847 5.220642219420585 1
0.14291282168504504 5.715151813595799 -1
8.238026299179527 5.763601854053945 1
8.55455054700242 9.288139639212009 -1
4.830962486211996 6.4467996339223905 1
5.490842797741639 2.344489137054935 1
1.9093300435760951 9.260852378079488 -1
3.240849559569998 7.27044438751848 1
0.8471680961182593 1.0754423872248686 -1
0.6568390181432959 2.451512572389596 -1
3.198751466884743 1.8726530238316441 1
9.112789145912535 6.7748490712421425 -1
9.063706967667068 3.214661872652249 -1
4.522214745021797 9.460901782070842 -1
6.784234834730198 9.678274872782382 -1
6.4134993230212265 9.297272202025322 -1
2.920311122900051 3.0127471492233013 1
1.5382258719357012 4.387434972939397 1
3.367837921120204 3.3282284482235314 1
8.145743114259966 5.921324533951443 1
1.5752588064701356 0.7660405245659829 -1
1.215496092172963 9.811775693612564 -1
3.2295491962261447 0.36227408021587637 -1
3.137930021665145 8.385570246058585 1
0.2658729663838644 6.522166768827097 -1
8.05381889690102 4.556668013492914 1
6.505541859224727 5.405721604325915 1
2.4045396718013166 5.174634636623513 1
9.598694306365598 6.704725346253286 -1
7.7595369780380015 4.7272706691233815 1
5.68519930912002 3.3072119055938556 1
6.374662474662392 8.587149864714823 1
7.3308122552732735 7.717722411497995 1
2.0283112222651614 2.1021353426131983 -1
5.939854953623021 2.866990451403768 1
7.993294102325339 7.611599588479651 1
3.1269843288664765 9.406364348145624 -1
1.5802990236372927 4.836129396633874 1
3.1466838727664594 3.6933830003720303 1
9.515906947607192 4.344355418566083 -1
0.41999213369545707 8.699334176087326 -1
3.7563859517713527 6.141639702965379 1
2.0427147364744593 2.980742027634433 1
1.7888990519769876 7.435694822145131 -1
1.4033809044130674 7.522471959033089 -1
4.401421911232694 0.8943569316238054 -1
8.742892493925064 3.7694872210267896 1
5.328768466115728 5.4542513975171305 1
0.018341726386500445 2.049981294619143 -1
4.455935541702443 4.667989443437685 1
8.011708095808372 8.537835089569416 -1
1.566471611100233 9.061208084233526 -1
5.276755694938285 0.21163592720068625 -1
5.613738019595681 6.348238122108679 1
0.32319666303094685 6.299079611896036 -1
7.495407564711054 0.8198579466359068 -1
5.494918616549067 1.3459969743430011 1
1.601031864906497 9.13128318271522 -1
8.502470281261456 9.63805136019856 -1
6.301593759844936 4.102031503119592 1
1.394707372826628 1.7519407850692659 -1
8.078963809737674 4.522573451035781 1
4.486049424731124 1.9145894424047472 1
7.98061909766596 7.91489397866717 -1
1.6114466299608199 1.9637229184623106 -1
6.029438225040762 1.9383521834772632 1
5.620933590894684 1.0839364230506232 1
6.888321258404578 2.673338498545786 1
4.5873745765670515 7.158742269429767 1
7.803208606028754 8.720664094466798 -1
0.08602745646134835 9.52697430723082 -1
7.3659811396139645 0.5857723274158066 -1
0.015967170339874492 8.550804026252575 -1
8.490713931805328 1.652739055576613 -1
4.739033464384087 1.4682142715017699 1
0.34684606040659927 3.2470311530955867 -1
7.781254638555069 1.0632724075377487 -1
1.1426419146444378 9.326338221372653 -1
2.815020026916044 4.959850102665625 1
2.463142793077836 0.875176487216246 -1
0.5176403710756461 4.8991650391652986 -1
7.701943323695412 9.403079963644487 -1
8.280398292318035 4.342817788896671 1
9.254370453326226 2.824217643220072 -1
3.0266269260512058 9.455183911558061 -1
3.5553570359996134 0.913352989236057 -1
2.207498115999601 3.6629672315610695 1
0.5183707439816554 0.8125101348462371 -1
7.116152611879796 3.480396363184534 1
6.0211091834521815 2.9360964752580268 1
3.0846473554664855 4.4127931064187855 1
4.673603203725229 2.644002813200792 1
1.5731150772183022 6.1473428843288005 1
3.1596574564186186 7.171396063409587 1
2.322539587701884 3.066808270461804 1
3.7286647994651667 3.1795599019220755 1
2.6985899926059043 6.037062325953427 1
5.129435226613967 3.3977380911679345 1
5.069953391619353 6.823694451400262 1
3.0486844511368316 5.793389370531106 1
3.81285683938392 2.2926742141430267 1
9.731590965007072 9.005588904265952 -1
8.495448109687732 1.931096063945702 -1
3.519408490109839 6.668085569603541 1
0.4818542683449478 0.1046409655942615 -1
5.376335629576884 9.042710396924248 -1
2.5695331144127422 4.395129044242485 1
6.721073365314484 5.462698304358926 1
5.723517876793257 4.590092194054588 1
8.31529284288255 7.7426814013878715 -1
1.9687510288570764 2.195935502965355 -1
7.873176442691413 3.547902147375712 1
9.654721571192548 7.21585065316468 -1
7.2023348708797394 5.99979514249673 1
3.733423543979131 7.739955306537424 1
4.286763416149141 6.8107959781463006 1
5.226570839842588 4.954596705601972 1
0.612556299309478 8.322821170397889 -1
4.9788695788308335 0.8059800750314616 -1
3.181077445437702 0.8776172836797169 -1
2.751855728901064 9.199710636984404 -1
7.247681561858924 6.920409698286665 1
3.757823265983846 9.599077547881734 -1
7.197687068867488 1.6382985730233057 -1
6.6914735954804065 9.295272598567252 -1
3.307320829175259 4.589870640510779 1
2.108009649012529 8.203484252873714 -1
8.726661136341153 9.120080378787272 -1
7.9775309178416745 4.7804052192258215 1
2.3493229207443953 8.54741533708271 -1
0.08329699131150337 1.6093776629051726 -1
9.170430242956964 5.054448876029605 -1
3.1001977172235873 0.72895049131809 -1
4.672349444142897 5.989219883103738 1
8.93514126020725 8.707972225870218 -1
4.261355702314757 6.508539055945262 1
1.0179205481268083 8.303843825045329 -1
6.144388803966619 2.224119231120183 1
1.429249902534936 3.759527513837991 1
6.9557411930837745 1.316342185075623 -1
6.449481287397273 5.534220562144255 1
6.554403433760562 4.636126574337504 1
2.110937187228541 3.889179893342548 1
3.2709313786394834 0.07751696744731751 -1
6.051103375539793 4.726236995917273 1
2.8081853288464185 3.747253814912609 1
7.873809576664527 0.37385654039630345 -1
7.490484274086247 8.643435782377258 -1
3.3996214657859114 0.31166123368389087 -1
3.953780595935872 3.2548465192309095 1
5.453715379892454 8.4694901092193 1
1.4287038362823712 3.9010215024337103 1
8.562824403528577 2.624410045686983 -1
1.8003302875227978 2.8719219510651293 1
8.037503961348586 7.148284786346373 1
4.7272883640077445 6.39646722517497 1
4.653795346634043 9.215214567558519 -1
3.582464370472774 5.913142413616621 1
1.7417971786773268 9.136616380895285 -1
0.888826318913134 5.681120514767835 -1
9.326526389260895 2.3720252531572084 -1
7.716805352719012 1.168457330479723 -1
2.521508198991298 0.02480572506825207 -1
7.058159875433253 5.537241506774144 1
5.35879762852846 3.3484593494453074 1
7.061617768194321 9.111089557095031 -1
2.321717369511054 0.23474050413115677 -1
5.241416001960083 1.595537696655891 1
9.41819501978306 8.997109141207412 -1
3.1910617893812354 4.6300663740744845 1
6.391734396025756 3.6578215148541124 1
0.3040255773274969 0.027858088536272252 -1
0.09178614831935938 6.132445221402279 -1
5.619363578794145 5.917855129316189 1
9.938404696974663 1.4554544241467926 -1
4.317701946024872 5.917881754595372 1
4.225932584865532 6.728811736437416 1
3.8615283103681675 1.1622779635670555 -1
8.133152090626925 6.854877934849725 1
4.902863344244903 3.326787399778768 1
1.9524917277459064 2.3251441277411535 -1
1.9196367845367324 9.832493809338944 -1
5.253274283533955 3.4684119095443453 1
4.24886474498971 6.07956110413906 1
9.405684040885129 1.372505103233077 -1
5.771924799074379 5.882090924982625 1
8.98086808467148 5.063243991470953 1
9.46020574038182 5.696665377151653 -1
3.8048672570965634 0.6811070154271481 -1
2.778721931562964 8.967118733256525 -1
2.704473519046462 0.12366033997211145 -1
1.0855326032920898 9.076614629191237 -1
6.815038000984627 7.46590341141304 1
6.687087412250477 7.041125987015583 1
0.16564846306451386 4.236052746374547 -1
5.830205995414094 7.009302979049959 1
9.904105232080267 8.882844541467627 -1
0.25574780846022604 6.521709176969599 -1
8.823782972890697 0.9586854816567358 -1
6.151092655373445 8.35184419911229 1
4.528512435874744 3.866872173768967 1
7.3775927726110755 3.1970872639978487 1
2.736398023180416 8.952645962600666 -1
1.4106549386086698 5.452863877625671 1
0.8905190874507884 2.452425579600046 -1
1.2159230267318288 3.6794230851927323 -1
8.088420567888798 3.339116326835666 1
8.835661290089718 9.591060691100214 -1
4.512479453219714 3.6604449953795895 1
1.680241125913261 8.455696087252745 -1
9.246205723155676 5.4402817933199445 -1
8.224501118403941 3.8972059469149025 1
9.3451808569618 8.348221255821269 -1
2.827936375816875 2.590005314278734 1
0.4127741667761897 5.705755068125356 -1
6.666336454752829 9.706917284871476 -1
7.132466403057464 9.192991521152635 -1
5.113905622485609 0.03283022610934161 -1
0.8375460047431271 2.333249407693083 -1
7.088972353659276 2.1114613534220705 1
5.7588226715810595 9.691265475411386 -1
3.650190784749898 6.425151901973393 1
7.939277645304839 3.764084110746987 1
2.8862341673534306 2.597065155981632 1
5.6233904713147 1.6884564070570995 1
7.8006013017828675 5.3934653222334585 1
7.46319604873011 8.03676363705311 1
3.9084365986128966 5.312608951209139 1
9.063922292678983 2.6615533090331365 -1
7.649798537572452 5.871700793326088 1
3.850729654237531 8.773817331022787 1
9.706076185202187 3.094855700707604 -1
3.2137918874990836 9.330112010961768 -1
0.0471248714192285 6.243377068627989 -1
2.4047723699462162 0.3336964801477793 -1
8.58033001852684 7.734432568248454 -1
4.130305686999238 1.0380529596557875 -1
1.028047744412297 6.153182562534385 -1
6.213863888137533 7.804272028905272 1
9.472867615613508 5.370086911539148 -1
8.296247688229245 0.6511169526465754 -1
0.15844537640015144 1.1393543440625453 -1
0.7011479787103359 9.767716012052523 -1
0.78977570421916 7.499884716133916 -1
9.975130445701636 0.12356993197121358 -1
0.03895067393871798 3.31346167923659 -1
3.794214672322067 6.879052204090749 1
9.967340576117326 7.3080950228945705 -1
7.303872137590756 4.015711886809211 1
5.1535807339123 7.38522984274479 1
1.7538343626830288 0.7412169213449638 -1
3.222145631143282 2.9078416595953573 1
3.081210330188151 6.666180965990257 1
7.435797781073791 6.443236263115671 1
5.75818200145881 7.528382289313789 1
5.088086379047061 2.1778943246589932 1
1.611373231781117 6.331210592284511 1
4.808333512860978 0.5663336220217774 -1
3.662486751976587 9.036465612338427 -1
1.377168676308116 7.686232488802175 -1
0.5503643510339218 3.5794175264381978 -1
7.6561602447243 1.7699664601216514 -1
3.350068133197998 9.380614330293572 -1
0.8383930380864812 3.6810502815557733 -1
2.7398292508091435 5.794779998449217 1
8.320956855656084 0.8833456175827259 -1
5.9083809987207285 1.8890868703877306 1
7.334460549873789 2.0879950774062452 1
4.3496563255182386 2.0303565274513224 1
9.39280744985063 0.5115531118003869 -1
8.62352411484179 4.121192837495597 1
6.3747127847255065 0.0651214510771081 -1
2.532987817032307 6.176521643451435 1
3.2593004298913355 9.893236350214169 -1
1.4873547785183971 8.69585436352826 -1
0.9289262994660008 5.193180706096568 -1
3.6038840750945598 0.8870965917633011 -1
1.4496587609796907 3.4304546054479825 1
1.0158531884286481 3.3252621057690246 -1
6.751633649539538 7.881841590232403 1
3.359027033705524 7.2939696452238065 1
8.80400179528385 2.8335416170246663 -1
6.667804308265708 3.78583231670922 1
4.6969064126864435 6.462042021168617 1
1.7561204735745661 7.510061350190052 -1
5.773136384860116 7.991713801708369 1
1.0900452770112545 9.556339656679999 -1
1.993462193144393 8.81877153896704 -1
6.959517422784107 9.771227972882269 -1
7.509676431942298 1.6980676073950185 -1
9.252612797777154 0.1969306344621713 -1
0.3757124689178726 7.600671822682623 -1
2.7637920143080343 1.2599198905234388 -1
9.888287528643863 4.608710653468745 -1
6.604057167714425 3.2772695795356546 1
6.264638064708327 2.949831659064457 1
0.5917065784692532 1.147786359089672 -1
0.3776069716634145 7.74592041963626 -1
3.516861359852631 8.545088153804148 1
1.5278258252589116 0.5072872370416381 -1
2.5308308017729786 2.489717145552742 1
6.283615839362625 1.9252652318610963 1
2.27671718210372 8.228265494192211 -1
7.587954975813416 2.964848276823606 1
3.3344811230453333 9.603581531908713 -1
8.63131136391084 0.7619662618642642 -1
4.256853160206658 3.0530768824936114 1
5.958543782399557 4.108722606500065 1
3.841517682116138 1.2266070044236899 1
6.617327802707011 4.82012163187294 1
7.26310857096327 9.389766160721793 -1
5.107845162033606 4.554424125340769 1
1.1282001618446524 7.130001608171648 -1
2.6438765595918436 2.05252301973235 1
0.6767090365159445 6.368379885703968 -1
1.7317740055997433 3.554688091898248 1
5.0501111646742105 5.338218713877416 1
2.693541974351267 2.847731661281425 1
7.346757310794204 1.6318000216469875 -1
0.911036666614774 5.93412163712402 -1
7.6412002057081185 0.9864697022379143 -1
7.796155665845385 2.298391362535881 1
9.786429170162684 4.024780860086974 -1
7.132319076939807 2.064930060621657 1
4.225079325377534 3.7279289600645527 1
9.326194323360046 0.42579617391103497 -1
5.46192773340881 7.66742457483086 1
8.295410151386136 4.114812086239777 1
1.1133699081300763 5.812549893951925 1
0.8007710823687009 1.381567145637489 -1
8.09952878297355 2.3812763001629875 -1
9.78644686499479 7.756032089248581 -1
2.8450612472814707 6.487881887924982 1
8.757641111947756 6.21956413740672 1
7.7508440843466575 9.993091549455462 -1
5.920848187945928 9.006166703378733 -1
2.5550373012283556 1.7143772004179914 -1
5.6358296982256935 9.821324801934967 -1
1.4623450481281786 1.7408351409788558 -1
5.645879757199443 4.280771013034509 1
1.603332566136546 1.2764618806139383 -1
1.3586353310948884 9.322580873771129 -1
2.7743532632973844 0.2606505087865507 -1
3.1435787279094374 5.635241728301529 1
6.192918812348776 7.131967479101137 1
6.482421185275214 2.7652666165028505 1
7.1213646873889624 2.6451109312738676 1
7.991487336330736 8.45444470587675 -1
5.6899979528129885 2.144588401434837 1
2.684595590638553 3.3266179561958364 1
1.8729798830769184 8.07740879549629 -1
4.396596747720461 9.21348168884023 -1
3.6598698806898824 8.649649436165328 1
9.410076056237669 5.493902637801769 -1
6.441718679040466 8.537579873305926 1
4.104723417063665 6.970097530974805 1
1.464441211612988 1.6932407160193352 -1
2.260704476593199 9.233287153302179 -1
3.5794274561253703 6.560379048809776 1
4.215045763446149 0.6664081638320662 -1
6.674228205484232 1.5584665094137196 1
6.50846259467073 6.746262934363802 1
7.485316974159407 3.8116348257419297 1
1.0332984124995193 8.024558751885365 -1
9.93732248559778 1.5087491271482212 -1
5.422288838516764 4.829611867395888 1
7.35153698682277 0.6918708917519034 -1
5.204196950565549 6.594936474325159 1
4.552566891128826 2.7341585139914493 1
0.8582892073384363 4.98079310138264 -1
0.9238751222687125 7.482388425850659 -1
8.62540343405461 6.515890138635534 1
4.7894274876424685 9.10015647761849 -1
2.2142121806081585 9.412545484568644 -1
7.184056573236575 5.736937466405326 1
0.34908050694149817 6.811765750202988 -1
3.4435889474184824 2.8479023498622977 1
3.3536390282150697 2.627896065358869 1
9.9382866416989 4.702342591761523 -1
8.259403369962765 5.712447257952704 1
9.551741842955561 4.457153087739073 -1
2.703685169171411 4.43481715093922 1
0.9700113524554999 2.9130485016342167 -1
9.448297686702302 7.717560453491357 -1
7.857430441208924 5.686981346205547 1
0.8279541670782609 0.3510352567580277 -1
2.8010647740675654 9.844442629683495 -1
7.186112587401716 8.915929547577448 -1
7.647158166566424 2.623185524273697 1
7.075703319455641 9.825311310460746 -1
9.720259884996436 8.282326394548502 -1
8.217096602251978 6.273432046975403 1
5.095835411168449 1.233124905434897 1
9.744105448316704 8.439027709061142 -1
9.49638808156251 6.332776841280593 -1
8.295422550439689 5.864389675495072 1
4.383140656858844 5.526587848091476 1
6.46149700387247 1.0940459121729684 -1
7.663133590894442 0.4629079800555369 -1
9.276963274466116 7.419938057449317 -1
1.0474486185325194 6.06739616703911 -1
8.708974712198907 2.795356545289598 -1
1.9689862915196787 9.218264336873258 -1
4.9591880837217115 2.9109401013414526 1
2.3027086101521532 6.533993920061485 1
6.411337753201161 6.627541166543739 1
5.836915570003912 5.9216273847721475 1
1.0952551375051556 1.368505439255876 -1
1.9304893169779835 9.918164811471703 -1
1.8938478259588576 3.281034034983316 1
9.065767557366701 9.215430714089125 -1
6.658556433706131 7.731684073613944 1
7.730076672427009 1.6146393474973963 -1
0.8641864694716428 3.704258879785045 -1
8.362593506735465 2.9067370724944475 1
0.16503465763819225 2.635130531320665 -1
5.054923267958414 7.967854069741014 1
1.6096803100741874 8.998651597439325 -1
0.22168186378805244 0.21901077182032158 -1
3.2875858804052305 0.11823386530686042 -1
7.070904317235095 1.3522094957340003 -1
7.528994801223847 7.944291394174343 1
8.393941063767508 1.4242564329532326 -1
9.377621403828835 8.33608616538601 -1
9.57797906777754 5.519959151999277 -1
8.85619073289613 5.455536832269248 1
4.193255773417672 1.783989122505163 1
8.095873283902776 3.7029416540346407 1
0.9787630693225546 3.113446144629907 -1
4.437790995660409 9.662950672416452 -1
5.927178021665042 4.46083129994091 1
2.2961196123567817 2.816997017615689 1
7.531603704388113 8.322440984149793 -1
7.7721014708892655 9.619648434193298 -1
2.9434284086293006 1.295872433914218 -1
0.5388713375544996 3.2189880336595733 -1
9.584263652482164 1.9030151855040445 -1
9.881938551494772 8.766259952042883 -1
0.44022352803211207 5.5567151850736725 -1
8.46170312172842 9.010772285166475 -1
9.800608501636706 6.3284981161706 -1
2.6335593764763643 0.6487941522585106 -1
3.716060861035407 3.224218487863626 1
8.702199964182519 3.47930509473382 -1
5.303512715881597 1.2451045192903931 1
2.798687027538537 4.037851082005285 1
7.912448984458379 6.072627303844444 1
8.28960871924059 6.34822443550458 1
3.024982305830861 4.982885061884764 1
7.123516590963543 4.327787875052557 1
4.720346078327865 8.634147199772478 1
5.364493397565258 6.226223549352181 1
1.2331372173933797 8.225808099337643 -1
5.053501106732288 1.9408904636114233 1
3.3631716410917303 5.8710565646149036 1
2.8584083090181336 4.63484965743766 1
7.905679873994677 4.8199393800900046 1
2.0760720880918884 3.3585234549398213 1
6.562554520330744 4.551988693090699 1
3.2829466385245176 1.6650031063580073 1
9.742538574563044 4.467037948466986 -1
1.2671086661708808 9.276114693624063 -1
3.099960597958219 6.068592387357985 1
8.066791770497014 6.120662697346119 1
8.900567428687513 8.546847823200272 -1
0.07977614214612294 8.25746242004425 -1
1.2498524656456844 5.102494195520842 1
3.5534337973489274 2.8469150343922935 1
6.576364531758607 6.117296012193637 1
4.344641252989151 0.044373370638446374 -1
5.557488052902722 0.7491327661013281 -1
3.6599837130487147 9.67476179019341 -1
0.4245583402277897 7.47134556774757 -1
5.689248722855625 9.463548155267494 -1
2.885038060672321 4.015807091912363 1
4.3103046323687515 4.386405320300078 1
9.796686246329235 4.228984463253224 -1
0.7618761876941482 2.075371837045701 -1
5.577095137379232 7.563417004998053 1
9.974953883793509 6.957183061300508 -1
9.817741222807976 1.536322614143787 -1
2.162681167906398 0.2474018336732775 -1
0.9961567934520266 0.6684716446478156 -1
2.7759588095644605 6.096638399181122 1
7.714028789295812 4.82536683598953 1
5.200743973149433 8.081453724168616 1
7.014664331781527 2.174995560947306 1
0.9782290161294727 5.106118621697856 -1
7.260539459718991 7.646589040643218 1
1.7737441168168622 9.699333833178377 -1
3.671853573424637 3.425167706071509 1
4.513585844520685 3.7502460873752677 1
6.5588272416834235 0.7967888833120329 -1
8.844187497042885 7.895413296310563 -1
9.176204388391252 4.114353494506214 -1
4.705887068601836 5.514524152992946 1
7.922359101077056 6.373132208956318 1
2.160843324076873 2.808317367684765 1
0.19826261051725802 4.851877051650013 -1
3.1513087349703452 3.94160423200407 1
9.89469865551086 1.5874426750767978 -1
6.4669152877420935 2.8091447526219304 1
2.002759523434785 8.398569197645283 -1
7.294776502535523 7.690270565435852 1
7.768422587737866 8.771570650298083 -1
9.353472084165023 3.5746846913748542 -1
5.576902849732432 6.141780639948326 1
8.892906973785076 2.9956229757132444 -1
6.833696150849782 5.017234993985128 1
7.980413459289305 2.900308471543238 1
6.319422859287447 2.637256031423237 1
1.4489768696667649 4.050316184639991 1
7.393287862488094 0.5669912106765906 -1
6.574861402647834 1.6209569881894959 1
1.987034815204407 1.7986275603139223 -1
2.8556588068805464 0.2888302957548061 -1
3.158407791651674 0.6181210694126471 -1
9.767311197019577 9.349359747901811 -1
5.782804634228431 5.828796722091298 1
9.75910078374886 3.5371511980742296 -1
1.2165849589961775 4.881970830952373 1
2.238876646120155 1.9861023666069255 -1
3.711522205271869 7.8193967035883105 1
7.794318821493635 8.517205645010534 -1
0.12493076233866862 9.139193803875825 -1
3.504262915638321 9.029046758130693 -1
4.390747827451537 5.264670405601755 1
7.2184471152832375 3.4762430253018106 1
0.4976327471268993 4.1282439532013635 -1
0.2223729514091377 8.9473499415534 -1
8.04248580980902 7.694795975295524 -1
1.1555211407056931 5.627311845410454 1
0.285401283002632 0.6608123227829621 -1
6.259093771696546 9.788440724626454 -1
6.455913337100822 1.0657465567667235 -1
7.622981022498218 0.43791502282386485 -1
4.72588155403887 7.280646247496439 1
2.420666105281998 0.09433394008258378 -1
3.332984792214199 2.603730448519199 1
4.408249800069184 6.912615346503363 1
3.245606518064962 8.599568293007028 -1
9.521259236814178 7.526019179180699 -1
5.534117938879685 1.7513205937216592 1
3.727214539397272 9.500487712812264 -1
7.313929668892581 0.5183994858923058 -1
0.41276069137633375 8.231831770475207 -1
2.9531760722466363 6.002104714435614 1
4.499001484093741 0.34394952426655023 -1
8.141194040763956 9.392540151730287 -1
3.911998509263934 1.6563499045847085 1
0.3070506504905057 1.660182128197547 -1
2.4689333648094713 4.830907272936045 1
1.9616323138901548 7.210328948043573 1
0.40018386282292817 5.436338031205995 -1
1.2834037790021902 3.8922854654624794 1
4.55130119233746 8.169051111114577 1
0.9294292740701549 1.2116305586582865 -1
0.26877192624037094 9.642783031016084 -1
2.3311654667658734 2.738689293054658 1
6.881380084126059 6.329863526991578 1
6.670615946395706 4.218765019287204 1
4.4417498831873035 8.491714479968943 1
4.839921166205153 2.325085209865575 1
6.40587747275529 7.493357631930055 1
6.5698821002219585 3.8995879678045 1
6.8732676339275 8.114727506502767 1
1.7938707157576594 8.76320328638882 -1
2.2276792426822767 1.7430828288759836 -1
3.6395468891649996 4.970685781254106 1
6.9727670279144185 1.0665240704322454 -1
7.130015642607374 4.932019034219445 1
5.533874339056593 5.0271822148165715 1
7.269441283864541 3.9951112545006398 1
7.664838736154075 4.006517674251697 1
5.685599852037394 3.9300198408089217 1
8.849631573499751 6.18617560513187 -1
0.5067814637876311 6.079412332608593 -1
5.544652770561155 7.1235779471129925 1
7.672356821066117 5.702305556663085 1
2.954493557520339 2.6551631371213813 1
5.9037327964108925 7.674686927405952 1
1.9262960291196218 8.572467526158114 -1
3.857058884712876 2.359812139010695 1
3.892813926986051 1.3218621429072097 1
2.874798781691835 4.040272047618627 1
4.307124719839007 7.4030614460011925 1
7.093084256062704 6.111678213351912 1
8.228965929911004 7.609600360503114 -1
2.130522270006392 1.7586227635733165 -1
1.6685117649010905 1.4987877126225069 -1
2.847405600605941 2.670346508531578 1
3.4551539340781954 8.7584680810139 -1
6.285308405034015 0.14096404054002698 -1
8.605065204402107 1.0652117527485105 -1
8.906782841863572 8.287506906895775 -1
4.2760392290567 3.9941800380524004 1
0.10118425597850256 3.6825172410616225 -1
2.6663652281097763 0.8533850920575359 -1
5.929900942390072 5.347564566372408 1
0.43408634343000685 2.0950002784253696 -1
0.4315079275419553 9.538927241354461 -1
6.126652393269593 8.478715951886823 1
6.8454845881028525 4.307784934170131 1
9.088726809901793 1.324109931848233 -1
1.2031549305961375 3.122493391407825 -1
4.131377862888198 4.943775370699236 1
7.6193667750689285 6.108772526093583 1
8.805111180472608 8.270952780439657 -1
6.943509225104893 6.868021626746587 1
0.052372402064813084 5.461004301337105 -1
3.364767815300752 0.8009995917839208 -1
3.006345900853342 0.8086088434588834 -1
9.471103497140367 8.507847229950993 -1
1.8137625603168528 3.9161888601529182 1
7.3594234667006635 1.6341391008545014 -1
3.8737108659437034 7.20695519862269 1
1.2177920845990309 7.692162701424428 -1
3.66278617124163 2.74164808739087 1
0.6258931425326397 6.848314704411679 -1
9.863168669693332 2.0811187843459535 -1
5.434334819504645 3.4789125192403425 1
9.228925234425716 5.529360549377653 -1
9.750376153917523 4.505296312601741 -1
3.452873356485159 8.901750909769952 -1
7.491069684837765 9.549757661905186 -1
0.45355214673622024 0.7366078654164676 -1
7.317141223718739 9.588637406541952 -1
9.936056149507921 8.280569708155026 -1
6.316713762309715 1.8531982889114595 1
9.40070769757785 4.624982312000403 -1
8.506936702677484 3.9442573041186444 1
9.802902908175568 0.477791489218069 -1
7.97102030711754 9.935995983187608 -1
7.2791478875115825 7.545346113715826 1
6.917441090302021 9.689724074826849 -1
7.809121001481536 4.856150439732501 1
3.4817605710961184 3.5911075832105297 1
7.615098365978756 5.916519767114891 1
2.190004134475565 5.407731497237231 1
5.529784504004858 3.130082464659647 1
2.240053041319708 1.0311651325160809 -1
7.590982819701618 2.0224774469033777 1
2.0580929338680845 8.424253786391894 -1
4.8387179015712425 1.9624383241372034 1
8.815416050212493 3.676879285735751 -1
0.3258371689161943 8.927190608001759 -1
1.3061565698763766 9.642167245189283 -1
8.69216328999573 9.72120076869461 -1
0.9399743787199111 6.703583897811921 -1
9.878922100742708 1.1923431880191737 -1
5.5600419131932775 4.04333919442375 1
5.262657582743076 4.488980471543671 1
8.993782974639105 8.563483705203588 -1
4.071034511006867 1.2029116097573123 1
7.40836488275987 7.473094831729203 1
8.686347347781222 0.6153755025663454 -1
8.034526044887437 2.795140675729116 1
2.680132659469497 3.448454198429811 1
8.111143461837765 9.478818098374532 -1
9.087252751197765 8.09840696986293 -1
7.337656283072587 5.693536449823796 1
6.264631434457112 8.984011551355453 -1
4.665603878494581 9.646244653660919 -1
9.468031043920428 3.7836149883124492 -1
9.694650873368154 5.927455911992489 -1
0.10011816397214268 8.549074388885604 -1
4.858177275388806 7.989450996635 1
3.370283752813238 6.081814953015195 1
9.529481202596983 3.4718757976934445 -1
4.948621636365955 3.165759415639966 1
0.7373152985283371 3.363154458640838 -1
1.4050347348639736 0.664690090640585 -1
4.664180998239439 4.708600763006256 1
4.767160476685594 1.5396573810072844 1
3.4049902242328356 5.666985062119167 1
5.179890334143633 6.503994142816944 1
1.2201497217253998 6.866369941124847 -1
5.977811728147876 3.0730856556944532 1
9.733810350363033 5.069191448812563 -1
3.9787130680912233 9.906546951432217 -1
4.056095471475995 9.688270340124065 -1
2.4380726565272495 5.607211935395943 1
8.682275296219796 7.0362395784229275 -1
8.695422938682015 7.340544326304174 -1
3.5489356694800014 6.915907049218823 1
4.179007903199138 1.4200945638927642 1
3.6505873678082823 2.1578984664212566 1
7.489285895170119 1.9204314280313595 1
8.969300595474248 4.595499854786843 1
0.5028713063105816 2.9704749093001093 -1
5.570004833555383 8.749786622778759 1
3.5990334791335177 8.796999335331341 -1
3.666381847030852 1.5885131608943892 1
0.9851816361261001 6.333579347908255 -1
5.13991008135871 7.551083580595743 1
9.798392172647548 3.8469481211768275 -1
6.311635955996237 3.671857147951413 1
5.954533976901779 4.782754824149611 1
7.345814837306436 0.4424007565340682 -1
9.162853672782756 0.8523719903290183 -1
0.6794412305623077 4.539714696992064 -1
3.1771445576173796 6.04168305190559 1
0.4057865516819348 0.8747349331257781 -1
1.7266094566259982 7.504880391404138 -1
6.769234773854391 8.48742981933858 1
1.012918187430869 1.5647345439553118 -1
8.82041869776531 8.802152866500169 -1
1.3422832827553377 8.857339490496894 -1
8.288050029055034 4.475969085149879 1
5.162179803955997 5.78409583888476 1
0.3484414313149853 4.12741569517332 -1
5.407955845465413 2.411569745740417 1
1.832225088654742 5.364341363349688 1
1.5435345011704493 9.778780427577223 -1
4.851346954656716 4.037808333482494 1
1.0030679614023719 0.39073545298548895 -1
7.677690293368959 4.463166604519918 1
0.4741194917872438 9.914041218923623 -1
5.789419570386537 1.4691256382128426 1
8.818858270978186 3.16383873540084 -1
7.082071578378945 2.805403486708756 1
8.875424972315365 9.254413938700912 -1
2.9362022764214646 8.714362870799066 -1
9.751842623935579 5.502404694884577 -1
3.320203881015141 5.079179068656774 1
6.675743231845046 5.061649428322479 1
2.6353604117009155 1.9562916856975654 1
6.571920389767182 1.381823790333685 1
8.586737374717755 2.5619186164431773 -1
2.233409389268921 7.92125105403906 -1
3.3850375933381893 9.322845926920516 -1
4.020050245076624 4.432778712331624 1
6.355475981872685 0.6704922749396969 -1
3.705099072585986 7.100373666308409 1
5.5356783034710455 8.281393743775103 1
7.797422492762838 6.7646897074200085 1
2.925493899246847 1.8298255168846866 1
2.5071154111482308 7.080541980684965 1
8.927708637286507 2.3576697764862473 -1
8.934885408773198 3.912956295493556 -1
1.6465319887390506 6.00713029540505 1
1.9682261138801027 7.6023727058369674 1
0.2827829952302041 7.083592750754578 -1
1.9401630444475981 9.438104011404283 -1
5.038532561503609 3.533121108351401 1
1.3666336208174623 6.724890569436825 -1
5.3490696090543475 6.310521585203785 1
1.01331733938001 1.7959362650123223 -1
9.429570574619747 4.584235904780973 -1
1.4770729232100344 5.537864015793811 1
3.989217092091555 3.388458417088617 1
2.59378258286882 8.735669612404228 -1
6.985056217519117 3.2595933084751594 1
4.335271973138681 2.4299672907657612 1
7.748106559766487 3.269048261309063 1
2.6131048761424234 4.276076922418954 1
5.609263677482095 9.949668760452846 -1
6.229045537994116 2.255303703599468 1
8.03791842119 7.580359038712454 1
1.89765275914749 3.652838654246459 1
8.00705832533216 0.7731534246293559 -1
5.087491944941183 9.378677772705606 -1
8.036076950699384 0.02361367075913612 -1
8.097306108111797 9.606837137638598 -1
1.0741209808124075 1.0254716834048816 -1
8.600375178639322 1.4639920745465196 -1
0.15841351162779294 1.4613352220696862 -1
6.89548037949376 8.997883726181804 -1
0.5701386644901829 3.826384024329843 -1
1.1970730190208756 8.268330041884266 -1
7.128697793437601 8.977231287173357 -1
1.0836785153608597 4.745697189774399 1
7.009955958867584 9.104868723065266 -1
8.513007281380512 2.24000689553552 -1
2.3912450874193683 1.1284151950757915 -1
8.586320826843256 0.5361900451195922 -1
9.30801449250463 5.604949580397739 -1
9.936859987272951 1.5076822575954696 -1
1.6915008330117587 7.334857367299143 -1
6.795667918355996 9.982837964754404 -1
1.6408202210169798 9.61888037085224 -1
6.924055736307816 7.172130162711712 1
6.2207118756471935 5.730881781712272 1
3.59511541523041 2.9051779348760878 1
5.456691121564617 5.31138610155476 1
0.08675788511794624 3.2033369437080372 -1
5.85671102667421 5.235315564090617 1
0.6726819452656352 0.33715236385885805 -1
7.716049589582691 7.586356978391664 1
7.576951030329858 5.604462084530438 1
4.7619571219534205 2.6183217025982817 1
1.3350512628641342 3.451457079400062 1
8.996841975016016 3.432946179783868 -1
8.766107232220644 0.8734644279880122 -1
7.438071760402195 0.03766452778996121 -1
9.27926120185987 8.260703992802114 -1
3.604299871451789 6.416428933884031 1
1.5697356901047266 0.5730569949542241 -1
4.923425857858879 1.4262218596171206 1
7.757424980643241 1.4101181698595655 -1
9.928068108097259 8.706820939487436 -1
9.36151922480286 0.872034966757822 -1
4.368681602798255 8.039434326408834 1
2.9729396869241107 0.5373053660872174 -1
0.83531503511035 6.087317827134843 -1
7.171296590630569 8.251762283116928 1
5.428421697457509 1.5134833548378746 1
1.0718077505618295 3.6596631981311214 -1
9.250211630532645 4.844448829565769 -1
0.6118973531069738 3.46402222669198 -1
8.600819122112068 2.0747498424418565 -1
9.662787038653475 8.433631232275472 -1
1.3708974247625427 5.111634281990014 1
9.641601747838385 7.073164016804565 -1
6.453542428464576 5.021058844743655 1
8.968453926618018 4.036840284564315 -1
0.11484921608601817 5.858689636045863 -1
0.7404385367503918 7.316880028754808 -1
1.5086290216733889 6.619965337099433 1
1.7696379604796342 3.3335929891226526 1
8.658547077248882 0.38311689818961936 -1
7.45725817359472 4.60400568745226 1
8.530841714650853 7.3991800342508025 -1
5.842283565433469 9.880654447789667 -1
7.8102036868839155 7.207913231674241 1
0.3912974615400078 9.969866467670856 -1
8.531903421852888 2.79394120406659 -1
5.722855722018295 5.79739044375939 1
1.366198804068025 0.139007468038298 -1
4.955838430185162 8.14584330634881 1
3.100545377912931 7.153668500380917 1
3.7357093866735305 6.362093329250472 1
7.987011408593706 2.1511575090543253 -1
1.3576994799846565 0.9800130016834896 -1
2.3849061074926228 3.7778731714032467 1
6.803040625464276 2.315420689653167 1
2.762297691297404 8.062139490604658 1
4.574979819588453 0.2153906526337679 -1
2.2193359534051504 1.2143153906405968 -1
3.9892337775766453 5.356626185419952 1
4.683870951531288 1.5963792618246686 1
3.316594438344941 4.955013848478204 1
1.2219883564237999 5.0668378535955 1
7.586091928662246 0.00021769691661344126 -1
4.2792805252624 8.14278863000073 1
6.417184615150332 1.1605889779350254 -1
9.459957796937822 5.623342951397355 -1
2.6126166590642894 7.2713431748990445 1
8.18686014440854 5.185648458626252 1
1.7745957310594762 0.8977528600062934 -1
7.274052243974335 0.8250978416951671 -1
6.7342664038015325 1.3000640531710372 -1
5.660949728967266 7.859764357053983 1
5.108749052095634 1.5476906042057825 1
8.4551017740667 3.5282641411727376 1
5.031122475198313 4.389764973191137 1
6.847622622029776 8.11473528095743 1
6.001451714150412 4.101830656959652 1
9.968723077190958 6.082346932843905 -1
7.0780422740182445 3.9477661560043376 1
1.7842715017944533 7.471338531319508 -1
6.54123500936228 0.641902058657996 -1
5.913443293121684 0.09432014229593277 -1
9.212952697543153 8.999441746752597 -1
9.674319734542706 0.6096492130984166 -1
9.868728855669438 4.178100420344281 -1
3.5966155466000305 7.87254555850578 1
0.23466576237349712 1.3064285560064737 -1
6.8617785275774335 7.583445824365692 1
5.87371726296944 7.50796603499562 1
4.193002500479507 3.899372354610283 1
9.39420772470969 5.142511387112506 -1
6.132957550864296 7.22451729621454 1
6.818661593762256 0.312627816841764 -1
0.33826658470137105 2.2114017268572663 -1
2.299605237131966 1.6857697024300133 -1
3.849956335919881 1.834122381226645 1
2.43638941734908 9.816344098539785 -1
5.747773726843951 6.8541157649647575 1
4.585629709729129 6.146781042785659 1
4.893294612991702 0.3872166374709318 -1
1.6898531145491236 3.8180497291906788 1
5.122440532960708 2.707723738710074 1
4.934415094698093 2.268988759066908 1
2.002376026156083 7.729810176193093 -1
7.490738525980212 1.3263481305592362 -1
2.0102596975762577 9.09571040972503 -1
4.8534713276659245 1.83061447455806 1
5.883082822773406 9.185377406459818 -1
6.045538664756044 8.550944802816913 1
4.159368601664353 2.7770547303627002 1
7.197721762846218 4.021585153475138 1
3.5321694184308994 6.837658014020359 1
7.222164001380175 2.1208463862501414 1
2.225142245254049 0.16547262033454913 -1
1.1408716636401584 8.701907779504447 -1
0.9741303166915305 0.5126179113107876 -1
1.8831613222502408 5.878328812916749 1
4.253547154808009 3.2156550235465984 1
7.4585753762801605 0.5483428026028048 -1
3.008699478771492 6.834172756412422 1
6.2842870020290515 5.137406829231805 1
0.5427582519879282 9.220838077810075 -1
8.590082352433278 9.411256619711416 -1
6.570545696651882 0.46301282409397126 -1
8.440391278360742 8.36943796422829 -1
6.363228798754772 2.049138322482691 1
7.700825610754118 2.065163207033127 1
7.708435133099711 9.670876946508399 -1
1.472936808461579 7.074754880187224 -1
5.089192089470886 7.0542336249943824 1
0.08865260035946676 2.4969225582505516 -1
2.07278290830725 5.587996062078583 1
8.914670107721141 0.8305446771813707 -1
2.1831765487271415 6.4176940992074725 1
2.949072913879399 4.130771159154136 1
3.467019329092893 5.313467025198947 1
4.900153131748115 0.546385074225364 -1
5.965435921713374 4.5269599738298965 1
8.406504550472274 7.709444032658598 -1
8.298217399337311 8.190169264052143 -1
1.1382985584767968 5.286088126545603 1
5.311377790387879 2.743563600399568 1
3.4208305619553725 8.784511827941541 -1
5.449819345997351 9.429646659732555 -1
1.0411601277618987 9.716391589647817 -1
2.110887908251197 8.03493857374601 -1
3.790087268808585 8.048447788845797 1
0.1760073825799935 7.074725910651344 -1
1.1872853718341048 5.539006720049785 1
4.178312283722806 7.244139197673362 1
0.11324288345412992 3.449581300653085 -1
3.2343263233483146 0.41333320971303045 -1
0.5576486411776271 4.695644029958257 -1
6.880387292864406 1.8177790620316403 1
9.36810659013159 1.2049593901341238 -1
3.273654401490731 6.722174839017664 1
6.543740014437778 5.249947241575073 1
3.9182230711263646 8.263924305488796 1
9.999580194252491 7.958242718205273 -1
2.0096374083940605 0.013803844699116219 -1
9.43669029960932 4.757289686821729 -1
3.2803197523797345 7.9120098203325115 1
4.315176686967704 8.33658917087338 1
0.05651461483350717 0.19182944779418842 -1
5.484392740602292 5.115697986056085 1
3.3906453557222505 5.575220230760188 1
6.532465341339559 3.4592770274772464 1
3.676807352777832 4.737372964860902 1
3.2405719583767354 7.4984757940104485 1
8.241782907204321 2.073210829239127 -1
8.456644598941798 8.42076206380106 -1
5.525809009567084 4.681511314841958 1
8.548554348685618 5.150977164584605 1
8.61156081063269 3.556700543364961 1
4.131380488518897 6.23343350809185 1
5.949628113210008 7.0701968186083795 1
9.196626497053904 7.539456572866516 -1
1.2646546742367104 9.187785652388168 -1
4.933241728669646 2.7881605929331 1
3.4270052042714783 3.363866233090189 1
7.146680503847786 1.2596215060954241 -1
0.7510416829526334 1.4045304585813123 -1
2.534557855392563 7.043894380248159 1
2.481292700657929 4.086225639008335 1
1.8001716720973993 5.295955553150961 1
6.797963095634991 8.543908841811426 1
7.768311025933137 4.261275928774893 1
8.738555435715625 7.410975255405327 -1
4.973901098268789 7.382933461397203 1
5.927540528189137 0.8741215577676065 -1
5.106594772288786 9.91342390678242 -1
6.570934044998351 9.643712851996765 -1
6.538248024038282 2.130359584541648 1
3.940602640892198 5.4435410105298265 1
1.3014291798412747 4.077918119380368 1
8.95565128674922 1.9438406548729181 -1
4.158267957322606 1.9468093179938206 1
5.197179112066333 0.23285807076408593 -1
1.014352738676364 3.0343249735364597 -1
4.61726701400347 7.477388752486288 1
9.917775526305244 9.73862131315083 -1
6.70259758611759 6.506217911816776 1
1.7188359638852257 0.7752674936532911 -1
2.7652215736978567 1.0104891274797023 -1
6.4741325554256015 2.2125595735680004 1
8.06412031427049 0.05188454757840022 -1
9.066902470735824 0.8728427737877809 -1
1.511449644829257 4.97874571915418 1
3.718029795871085 0.057564116697317314 -1
6.890319263778113 6.8718007594113555 1
6.655062323065366 2.5659831588322857 1
6.660647793002949 6.322261539605486 1
4.82738182286594 6.6276303768644995 1
4.555979549417991 3.7736135184726347 1
6.619440369333378 0.29374721951852645 -1
1.229440696832188 8.779025871104725 -1
2.0241075516639437 5.419298222051251 1
8.581397129709364 2.225685467641135 -1
6.770866666347777 8.661048127179837 -1
4.981856024292959 6.417755464325895 1
3.3463406937212836 7.67973982179083 1
6.701609331095769 0.88746206102014 -1
1.3733713603106856 5.520615069023522 1
9.316075266191774 2.0639430058867356 -1
0.161426606626055 0.6780716922151442 -1
1.4919287706199558 2.695418461713527 -1
7.049258616034036 6.641829816217204 1
7.8237131360873535 7.420742835504004 1
5.373934881126203 3.0382910106305827 1
5.103954496753592 6.107895152413619 1
1.9037021824271572 9.771357481999308 -1
4.675002558134917 4.369629066363131 1
6.428769800833971 2.6347762443058964 1
0.5201537651189081 2.9346661937810836 -1
2.4157899911452665 4.946172276020909 1
2.126747486024423 1.7690058045373602 -1
5.988180545871378 6.216383165674712 1
3.057573304270287 4.992285123028712 1
3.2705441153629677 5.20177982200785 1
5.98482909613187 7.135895720278453 1
0.20469249916552856 6.738962268285684 -1
6.515436315264581 9.298668468747152 -1
4.320393106359928 6.227438817877056 1
8.469178852661763 1.361863264845149 -1
9.512999465296456 1.6486875118832167 -1
1.0726178261781794 1.6701373051737711 -1
3.562881244765128 7.52608253694358 1
1.4040532843146425 9.44010388603367 -1
0.19851815488729607 2.4565294503848243 -1
2.6908800313662526 2.817829298668253 1
2.2980706515498897 4.288520486604242 1
8.970264217648966 5.694541297960464 -1
7.783303203669819 2.3463374891341404 1
0.6984212768436449 9.271273959147582 -1
1.927548137386037 2.480900126465271 1
7.472821032453832 7.289004068964839 1
4.8240426509835235 7.133020131913559 1
4.200848128107172 4.3849865803096115 1
6.409374663527893 3.819617843062834 1
6.194074327417065 4.180464918867672 1
4.796460987210455 8.298126752484748 1
7.343358965825427 0.07920666946342858 -1
0.27915500840065555 8.387734039422039 -1
5.722792528828351 8.190682233639105 1
4.875901444487419 2.8449040896918354 1
6.9289406926965045 0.8277682603880454 -1
9.873160543815588 1.5583169439120936 -1
1.8481837873554585 1.777093053181843 -1
7.0390699376514485 7.655978563721586 1
1.1741061926394791 5.722418492669373 1
6.6957317752839 0.49847974609930734 -1
9.468073698883682 5.514879437172134 -1
0.132624027742122 7.216902594105706 -1
3.7145100451270494 1.013556350614393 -1
4.353321949395319 5.549268035804083 1
1.5791553129919167 2.2415039297247095 -1
5.406628195200932 4.481465346697081 1
4.234740849989102 8.95937314652702 -1
3.6370389798289104 2.0055072212792693 1
3.17668748785887 6.865147057071229 1
4.012007661617913 5.549445631373972 1
9.568832461105133 5.126288795998645 -1
7.347418489681536 6.87692302272772 1
8.643961233659013 6.308177749733553 1
3.3518174196671624 2.4212846476979766 1
5.441544729674729 2.7055671192135575 1
6.466295838638343 6.984836339986025 1
2.0871175556761323 2.886125776014794 1
2.4470191409156774 6.965587468431406 1
1.3767119177172538 1.2563969602388714 -1
2.8507092275133705 5.626208281453437 1
8.071234363251019 1.4146236973516968 -1
2.8121767204145542 6.177602991145573 1
7.476107187583817 8.071533325517029 1
5.443520736270877 9.33680907960577 -1
8.40281609914507 0.7723197993148101 -1
4.119377045957336 9.490895230660389 -1
7.724430768528663 2.828494443624444 1
9.968937127759572 3.8227858822137195 -1
8.987805897399564 9.713551640689696 -1
1.339944676972974 9.333131406268762 -1
4.051853381670313 2.6761363825944184 1
4.7990677473740675 3.312305998172247 1
0.3858243977741793 8.857265870922534 -1
7.32263382607182 8.362941205865063 -1
9.368410750816219 8.650603291370162 -1
2.341748765045301 9.869249840928854 -1
7.205160309931005 9.85186285427831 -1
6.658943060253185 7.276199592970496 1
8.435918996484075 7.649098694304428 -1
8.931476164562094 9.790523627297842 -1
6.750595781678679 7.442833959510457 1
8.000711469703422 2.17204509639358 -1
6.79731928952382 2.2022477008943953 1
3.182434308433498 0.6983434312218684 -1
2.479506046038625 0.7020460560317121 -1
2.8768234259152727 2.013255054333325 1
9.827139144013938 9.530288106137036 -1
2.226952715564434 3.9721005553725544 1
1.1586213960426128 4.01443419404112 1
2.0255295525465824 8.04994767888303 -1
7.91787876073683 2.446019433943377 1
7.198519299845372 3.1484136418799946 1
6.100390705919175 5.2290991456466 1
8.255900775112535 0.47242256907223834 -1
5.9535969620366105 5.29769507038672 1
2.749012610765733 7.589828252306207 1
7.951866042959602 8.240842654650027 -1
5.25951999313829 7.551901308360951 1
3.384343362175064 7.738851543249306 1
5.333823710266833 0.884951937092846 -1
8.00094585110724 8.579700030988533 -1
1.3683052549618469 1.5258750505767193 -1
3.4299475222542855 9.793155105842617 -1
7.767444185987146 5.8914052183051115 1
2.2903298457003074 1.2832495385397702 -1
6.20455580835344e-05 9.582095934424453 -1
3.700510842737801 5.8178117732545385 1
4.452152960534423 1.5962246089395427 1
9.93808623224177 9.559413352664308 -1
2.955533381316955 7.964995914465956 1
2.9215186767446513 5.554095879497737 1
9.056967702947782 9.829612692444613 -1
5.463792878191075 2.8215895091481213 1
3.0802992366676527 9.809916591706532 -1
7.883969285849805 7.758852984669713 1
7.367754561046952 1.3037574271749663 -1
0.7945054635020776 7.391101120735907 -1
9.69958299702703 0.8461699680710599 -1
9.31893391326414 4.640024803585984 -1
7.198471466489841 2.223190353814352 1
2.6845310666730873 8.985789671241754 -1
2.321073238959843 5.786225102430922 1
9.928218000942788 0.18410585490449716 -1
0.25466168164774206 3.104523823869693 -1
7.21476447945909 0.016627378622221523 -1
6.659641265221583 5.381046144355573 1
3.6542675075482443 2.371942581670432 1
1.5846597812920737 6.288540590070511 1
3.752680049918996 9.717052533329205 -1
2.4304477748353683 4.182072101056692 1
2.452253069294388 8.561055977156167 -1
3.743881715113977 4.8088924365486765 1
0.2021059393435365 9.347797738781582 -1
2.9355793531140773 4.402863259912579 1
8.69297259440547 3.1912329941800346 -1
0.2585149857733071 3.237613604703633 -1
1.6251096000077103 1.9250561590128668 -1
1.7354576609376904 8.471529892221243 -1
5.884084269589611 2.0634036037331107 1
1.0744545601103117 9.759567508348482 -1
3.986988213424889 0.8672985238377562 -1
5.2272093029049 3.2717283517698537 1
0.32227234682206785 7.661089899996924 -1
8.587081708420714 3.757388261938124 1
0.7623182210177704 3.435339153106857 -1
2.3535471148213807 8.309840285364464 -1
2.018754110508434 8.248572058898622 -1
2.858128085890892 5.492605986669966 1
3.4321405120938895 2.7887612564382946 1
4.998963496586972 1.4012326173113165 1
2.6775907934900745 3.4348872420681364 1
7.338697260012923 8.076494322103384 1
1.9677195160982186 0.986743412587201 -1
3.4901338773445953 2.734681265333714 1
6.424509096801328 5.956372620695038 1
0.05942527829795874 5.859255088091645 -1
3.65586804415575 9.227425849612919 -1
5.284164062605823 4.246861756342664 1
2.8430871134955016 5.201241778191042 1
7.099691389181872 9.43594306151703 -1
4.974151219500406 8.610303724479563 1
3.613771412565623 0.2966895032752981 -1
2.419484208360314 7.885396727534325 1
4.199905704566412 2.333299474625088 1
6.589337742951427 8.138907464513403 1
1.1099723917379711 8.182561772641883 -1
4.442531444599405 8.567341481780451 1
8.706804940748253 8.435044318276429 -1
4.8365522570983845 5.1244930109129525 1
7.987606968317813 0.037633511818762067 -1
4.907149904591643 6.95328726190411 1
7.451530775031543 6.897870540289574 1
9.611988211857822 6.365577580034996 -1
9.706655578006217 7.800043878373221 -1
9.086566079523111 1.4264823385998993 -1
0.7679084423428839 0.5265533245706189 -1
0.8356851861845338 5.939772218527154 -1
5.084336411421374 9.307185100435888 -1
9.321305972259795 4.254070332778134 -1
9.371367953960931 1.9634651993614571 -1
3.696692888525842 6.83792651016781 1
2.125237751462643 0.03841554661059954 -1
7.436785796627704 3.458163435825309 1
8.568850788585298 8.85870573729022 -1
6.625781320639242 2.005532392893822 1
2.108896905510187 5.143426301375602 1
7.934392033431797 7.708930684307466 1
0.6255701146004222 7.9566622528120465 -1
1.657169433522604 6.093033505144623 1
7.852447493480531 0.9687423658672112 -1
8.321116337009865 3.2566549823232616 1
6.716563950229054 6.759563940472609 1
3.509805777671071 3.707273166549865 1
7.541502989177793 4.698438456393975 1
3.6966951269443395 2.6368644125852816 1
7.222016188194761 7.742257692809628 1
3.431691265238772 8.945772375448458 -1
6.953637763864373 5.435613618863446 1
0.02912838367935433 5.17697574707257 -1
3.1150671887380597 1.776959974600859 1
5.850132570784622 6.131021856581764 1
4.139975098191465 2.651125049328341 1
3.2060005038391806 7.9787155350453896 1
3.2205139872603485 2.1706943089295216 1
2.7838367982164858 2.104400540358128 1
5.357236727217555 1.0836998147377752 1
8.346006540462806 5.988292554143754 1
7.188526115653163 4.687128930201981 1
4.983766516129125 1.8763270085413675 1
3.2651270564640167 0.8566393561131802 -1
8.203736777342183 5.890680017628336 1
9.463005810809621 7.567454880689642 -1
2.7336699999636913 4.172668698217004 1
3.5001388087127494 1.8458385031850777 1
5.812792782766336 4.896330728262912 1
8.249831702504881 5.325005565106164 1
3.6159173354434806 2.4389951402629064 1
5.607584634201902 7.7428564124240316 1
4.198115831821607 6.213635187257509 1
5.293019081001439 3.6858284098736793 1
2.169367162438882 8.210899883207302 -1
4.390024349351571 3.637912757566836 1
8.836648748160234 8.294859396081922 -1
8.534874729438437 2.2039182069753736 -1
4.7356269865362535 3.052909425684124 1
0.3501001463897968 4.185958731369796 -1
6.911402369005915 6.744658725767048 1
1.1436277825451535 5.294720465607899 1
5.726523513824966 8.743733591944384 1
7.479383161875315 2.5215790879940245 1
8.121723131851867 2.1523064795441416 -1
0.050422454576013465 8.718355188006994 -1
3.749828651240612 1.8381343896935942 1
5.797059554837457 9.6310374371177 -1
1.4342181774080098 2.5266756726275066 -1
5.006052099035077 0.47373458821096337 -1
7.317197049844195 3.7939022725361626 1
3.877690072329055 9.088842688203531 -1
6.747109251754723 4.608457314817014 1
0.31159149321459023 3.034901115328761 -1
9.024645866572342 2.137905649394428 -1
2.5213863043348606 2.3596852156764223 1
9.427831790488746 8.240502387728306 -1
0.7853011776754848 9.646322989811638 -1
2.990269314609498 5.457294931742469 1
0.1289002091874969 8.243599361976116 -1
1.4982518343475637 1.1114173537249927 -1
5.038735183891325 6.4302536755002135 1
0.18266807633753213 0.1149744917112161 -1
3.2267903017827204 5.22998122859163 1
5.372247771824768 9.792031201059947 -1
6.383760796185695 0.6658836115901678 -1
0.723345942097483 9.428040648434859 -1
8.229074839131972 7.6459038515880104 -1
7.359284836380874 4.846952494423563 1
3.9517693488251893 5.170123204089418 1
7.283358801267502 8.405850593444782 -1
4.205216385672963 9.5253497507783 -1
0.9896251548568147 9.134342840727426 -1
2.664892503413918 4.935278443166824 1
9.51249556726269 5.098948748290031 -1
2.2179357240166366 7.079850265296809 1
5.1500682249451115 7.159593486065741 1
1.3379998289061235 2.262313094887233 -1
0.8539566634320583 5.722020332529038 -1
6.090265325686326 0.9756371425336419 -1
3.2993957653332284 2.67817480285232 1
9.263051291279474 0.9394404585880956 -1
4.210801788408819 0.8622886178846734 -1
9.517105673004435 0.6497770364716793 -1
4.837457206870996 8.208181360137925 1
8.515890657960057 5.990767601922706 1
6.75991435677828 9.298111998592146 -1
6.241313551973402 6.831152005608151 1
7.9789127639254565 0.9743751155185498 -1
6.175970546856341 4.598562265712119 1
6.990507947991752 7.323310417523712 1
5.145953516023193 0.2229784402189472 -1
0.5485981924842387 8.68288024399215 -1
6.236763604277585 0.7000285037138865 -1
0.9733934001645961 3.3908997015393147 -1
3.1111264790554563 6.379466338149587 1
5.271489539394892 4.042130267711688 1
2.9799747041371436 8.170373410602908 1
0.17256039688930636 7.559580553715969 -1
5.303417133438842 8.816779628999292 1
1.8320252839117424 8.133313447115643 -1
8.814852944631651 7.1420986936561395 -1
