0.9760010525971086 5.828782820585635 -1
3.9191754339625517 0.5027195385921845 -1
7.77608589613792 7.0797519579599 1
3.876791862754211 3.5504503683359676 1
7.105992463331743 6.637275630670473 1
4.186615918995818 4.515079244410634 1
4.747271053752845 4.986125843966962 1
0.6183073567736364 4.03367079424023 -1
2.4915627723670886 7.444521046664175 1
4.899842738433994 8.080528451071311 1
6.127088328440391 3.6779759773578222 1
1.1765582945187447 9.17529780493523 -1
1.8792021496275702 0.7613017233582209 -1
0.11428080818792319 2.373658052595331 -1
0.5867891709368345 5.71495220017328 -1
6.561661962624642 1.1096128712172604 -1
8.111197636326485 7.660512562487474 -1
1.3745792771466658 4.298887313019682 1
4.0743141819739055 4.754612863180965 1
4.176104199013677 6.448875922776675 1
4.345250569568929 7.088146160657835 1
6.3557904867483614 2.685830292951832 1
4.087787805086865 5.731363379704593 1
3.2684504099285414 8.416838611896807 1
7.685434069551373 9.774611103192946 -1
0.13441838428919883 6.128794994552489 -1
5.164909603355313 4.161652288994691 1
7.248610442297353 9.20611148321685 -1
1.9073178512301192 1.8747957835078177 -1
8.757954036218045 9.6264751324958 -1
2.5205757939358286 0.6408109051083277 -1
0.7167605159711676 1.2881942739170948 -1
6.392112144058815 3.0047507014892885 1
3.5288925061419785 1.4814236529199898 1
6.150594372033767 4.428536884533175 1
1.8262824788339982 4.06724723939054 1
2.1046390999980993 3.953526969228276 1
3.0525537416670323 6.86548628159127 1
4.836330448182265 5.125457683559709 1
5.254585883011975 0.4290476976691415 -1
0.9400726143694749 0.3947855213262219 -1
7.79605280405046 5.82308056729153 1
6.603320963510924 0.594172127901168 -1
6.94175998022148 5.780726868863548 1
8.6915210806147 4.0247437773339145 1
1.771542576543218 8.35319239308223 -1
8.80713569124126 3.156543128355256 -1
0.730184810970389 4.019665263297169 -1
9.761792346765347 5.876657099044726 -1
2.2841970561983373 7.362901132565629 1
6.256714947190474 1.5647289801253539 1
5.714576663094548 0.9580138409070116 -1
5.119720256150845 0.8461871916483343 -1
3.5270287963916935 8.300629263646261 1
9.472672957811785 9.873864093841279 -1
2.1780772431402804 8.759556505625635 -1
4.234589048820938 7.88491987920054 1
6.086112232659133 0.78164308342353 -1
9.059160794746795 1.052762354408573 -1
6.156219164778368 5.138967465595476 1
9.612162135362269 2.1531008660364117 -1
5.198342112111 9.778021066926787 -1
3.186189316673623 4.824086830766969 1
7.147613419445017 4.928924599118792 1
6.109937637584641 8.947438540157806 -1
3.4207017311881813 5.491378446451632 1
3.4168618292193385 9.520368242851681 -1
9.564185726114795 9.294766602726183 -1
5.828580533908169 5.494230981256452 1
1.085743976166812 3.884644471125427 -1
8.201475582366616 5.791971104449703 1
1.1903070848056418 1.603028097928505 -1
0.14938782086184488 1.8096931483535006 -1
9.406103814820195 6.548634029332035 -1
3.7454491320708683 3.527918543452364 1
5.796264476934786 5.5630722356321805 1
5.482875667966411 9.991292541916064 -1
7.8482995851259965 6.740353445734593 1
2.7338975109744776 7.921598268402718 1
0.9029823324998809 6.5630949134316925 -1
9.851220905912877 5.561387867273703 -1
3.9713227470002166 0.18223251399199558 -1
9.293770451210245 5.785469951521064 -1
1.7973460060301083 1.9080920728931783 -1
2.454707742822543 4.763058661274561 1
6.643373136086652 1.1222153938060098 -1
4.890194370052667 8.205095816087951 1
5.4640448699633986 6.403136877096124 1
2.673791383190167 7.543581684865474 1
4.0427657860374495 9.212965848911608 -1
9.507323154118184 6.050678972256551 -1
3.7873345341253586 9.578309574460967 -1
4.846198147616201 7.2649550584370175 1
7.640992917989146 3.5275684051702303 1
2.025830138669207 5.661697678322409 1
0.0076880696563452755 7.034939369911362 -1
5.421605189088922 7.390663522420882 1
6.7699696263864295 3.44293209724139 1
8.616912101581377 8.266683370677756 -1
4.087767918148315 2.9436400897647585 1
3.8487786485227327 8.927141473673682 -1
9.388897761143108 7.093836004688351 -1
9.69502443459673 9.35278025072192 -1
5.442605363699828 2.3649308633706987 1
1.8276656230444999 4.913997745497495 1
0.1359384208842762 7.879098065057106 -1
9.42087379729377 8.247466931507079 -1
5.186682889093595 6.033461204463003 1
5.588926324223888 9.58728292602692 -1
9.693200056719602 2.2355656687007253 -1
8.342234138458162 7.3982643035853535 -1
9.903111610678664 0.612036241062095 -1
6.254694720843953 4.5256737665900735 1
4.79298864935306 8.493046731641298 1
4.692914136979994 7.302054051033847 1
6.535591770596363 4.3505089996039095 1
9.305745305610474 6.4231622436942715 -1
2.499280898992149 2.607122604722052 1
3.085132763466294 3.0832029188965304 1
0.9522075667545926 5.090109594976973 -1
0.5581530974299453 1.4159607269310526 -1
6.556777148815096 9.739103979302605 -1
0.8499241087758158 7.26576963131235 -1
4.903782160152511 8.998048202624426 1
6.478049943719757 8.41017303556807 1
0.469410376203776 0.7700689302268771 -1
3.76101867491169 3.121774804061195 1
7.14200332814818 1.0373008036333686 -1
2.3889482645673397 0.7043308971419682 -1
9.393303972109573 4.868549486994951 -1
6.196311627715644 2.3906087913127374 1
9.722779550981285 8.663715085565416 -1
8.51597487906739 9.46764861221711 -1
5.883326566403065 0.7634024833490283 -1
3.251927818774832 4.849383273561525 1
0.6961052032220227 0.7460577177123706 -1
2.2880428941501263 7.205083411606365 1
3.443275801456147 4.667175544857231 1
8.22462221680247 4.914656202542123 1
2.9312928646314518 2.1833108978745885 1
9.012296532275421 6.390708077172532 -1
2.002938732000581 2.1916136981997427 -1
8.398664233686572 1.993865338420795 -1
6.193119807349205 1.860815085599119 1
6.735770831434356 6.74402673734288 1
7.898629685425089 4.0276692919031865 1
5.514660578325861 1.8638019314548904 1
2.481621264883848 7.909632063891764 1
1.4991260637904669 0.9530058154453103 -1
6.221002872119699 5.515867732964265 1
7.527295189383279 4.783827121507881 1
8.661414589526627 9.311634229451093 -1
6.890804404456501 0.9947102895737014 -1
1.358116142457153 6.294832399048584 1
1.140493533577156 6.518335309122739 -1
4.122897269926779 2.2300196699011265 1
5.794329887664933 0.0866234483703443 -1
0.09904350940424966 9.650208978118052 -1
9.83835920759445 5.979699316203839 -1
8.851632969888485 6.959204331612349 -1
5.3066523697816255 6.785877878456979 1
9.544313094184169 6.739927816978996 -1
1.3825383913694533 8.057773625950581 -1
3.4481906605803414 6.089084961363806 1
6.729902691118006 7.569464515682291 1
1.5457609594940258 0.17835361077887635 -1
8.988417986192692 2.383830636611215 -1
0.37670870170388726 9.493888105914689 -1
7.58228508195239 7.522264024486557 1
0.4133594825413378 7.984354970128406 -1
3.9489569656702947 3.7407912470673277 1
1.1395631031196507 1.529989418572063 -1
9.605859251308113 7.445786198663441 -1
6.445693175138485 5.390256744277437 1
6.656654406224591 8.522914631484067 1
7.202109330821733 3.5818183591451436 1
3.6940228571493874 1.7864555903535184 1
2.974075698054206 6.72972808818691 1
6.543587962635985 2.138356371376134 1
9.822716605778524 6.909478068664953 -1
4.908705420471256 4.315345984613458 1
1.011578339007173 5.442579984129766 -1
4.504632510304437 4.728878294512217 1
5.201042340726828 0.47881894594277385 -1
8.892124200477436 2.8663853067701495 -1
7.335174705243635 1.5654045309444342 -1
0.08214912826986054 2.3843257811283767 -1
7.470388004662034 8.3569080195349 -1
6.0988284879643775 4.423093166524571 1
1.848422354992083 2.149875067642908 -1
3.9390654786800603 6.056958074237046 1
1.190748355294028 8.663437897227146 -1
6.894268623444186 4.108533184971391 1
7.871279760062916 6.399411202061617 1
9.316735095856448 1.6737722638814723 -1
0.9355450799530074 2.3034718321809433 -1
7.998708639232584 1.2337971284031524 -1
1.5484390985857388 0.22921071233597434 -1
6.2833506451259 2.2918755260042865 1
2.856222312804814 8.6787638415817 -1
9.235751044913783 3.9172726518582945 -1
3.1544921177146676 3.9217891769490096 1
9.166870787290915 3.2968640242094613 -1
0.4176457002061995 4.489200435682799 -1
2.9318999615651107 4.168414184816257 1
2.958232131422606 9.781059046697843 -1
2.6594064434824363 0.7865686778953895 -1
9.956726378093807 0.9063314382869203 -1
5.415066208424849 9.224547696010042 -1
9.442830389916296 0.3764031658427913 -1
1.9417705325039136 1.4255675288377156 -1
8.308807739011474 4.011818967041866 1
8.198657555283521 2.1169911159334163 -1
2.6617126931738455 6.765415006197804 1
9.41489889333645 0.5379258812672805 -1
6.527206159496291 1.0697575613418442 -1
6.890006983239068 7.230180011704355 1
4.534495822410948 7.556104810124941 1
9.345970972058986 5.984198694643617 -1
9.230500393437682 6.547145910712155 -1
9.456473760424158 9.542850536686004 -1
1.5047594181097101 3.0436012300348594 -1
3.1213616239267115 3.70588791300984 1
6.7968064071615615 8.901467398865066 -1
6.792416536218967 3.399994373248074 1
2.4422086321922896 3.0724559111186545 1
7.86414356619229 5.589426224421778 1
2.619405601369982 2.1146108540379247 1
2.4776317009311457 2.9646767080197245 1
8.297648257816581 9.948668234925591 -1
0.1465714727971823 8.267906920612631 -1
5.3871272664110865 5.671313656751352 1
6.182938923264492 1.860634131925285 1
0.2819437184043416 4.8996111486531415 -1
1.421396362375964 6.225968646434059 1
7.630005518969877 9.03733515675988 -1
6.921992318183333 4.733202720112342 1
4.158282463827413 5.451029185265199 1
2.200191606412668 5.193397658410514 1
4.294555489326663 8.119808004411556 1
9.092140297554641 4.145606571326775 -1
9.106066489114815 0.03901417490594694 -1
5.179726317676781 9.515350531221499 -1
3.4375086276593834 0.03907524239546878 -1
2.8803748854253186 8.094410364434278 1
8.18718513331109 3.990546405265283 1
8.312840860052486 0.26638022862664035 -1
3.2199678567569547 2.2301077705895156 1
1.7001195305845151 8.638322083198123 -1
2.9382996529012493 7.331530757476312 1
9.787572231540057 6.064581254984339 -1
3.5988557037386846 1.4996145008451978 1
9.320595759644041 4.697812157354342 -1
6.179125252402336 5.2869626709107385 1
9.359592522405372 9.482503199474575 -1
9.952077653514928 2.9780235603315397 -1
9.802338899268154 7.6746474871186265 -1
7.805433640642262 1.3724830153333945 -1
2.065830528057566 5.5926471169020004 1
8.1197327894028 6.943277637139577 1
1.5492756973583255 2.2969378891387304 -1
6.203336011675075 8.104401106573038 1
9.529156045503235 1.2022426082158466 -1
5.687244085004698 2.0264572816531734 1
6.768600819598026 4.059770700734125 1
2.6489454974379267 8.795859552269581 -1
9.202328233848547 2.3217385904644505 -1
0.0933168967089204 0.4698334321003228 -1
8.968048777399652 7.702183108250643 -1
8.594297912998938 0.8268141704115739 -1
3.3857792014000476 4.028012051902984 1
7.786055883602241 0.6226865112891855 -1
8.226354952971594 0.5387978534020421 -1
2.7195133049312847 4.1268242725472835 1
0.20597522886786734 2.501656932279739 -1
5.827844119687242 5.480455282698702 1
1.2709173457157985 8.465709068690655 -1
7.909782841491503 6.541746823856766 1
9.75185967838011 5.908622972127024 -1
0.5923006677200493 2.735344638901498 -1
2.421063141225294 5.723162919332216 1
2.5634026819239466 1.5324582253114172 -1
4.104891490002207 3.0473866298068684 1
2.5935787272539734 2.5614572312108654 1
3.3443329924793574 6.925090301668066 1
0.6124585479547262 4.4721220387016105 -1
6.165147755584266 4.7688177232161095 1
6.203647539111904 2.9260627034477227 1
7.215697188253114 2.0187317178508115 1
4.007814404669277 6.337421587258877 1
9.325324807505526 0.271306911845991 -1
7.712757831121238 8.04917551174028 -1
2.6101483828021155 6.666014340808983 1
3.075353252808204 0.766559741721321 -1
3.6612155007250937 1.1941752633968705 -1
3.0086343207087562 7.408846610082693 1
8.60025801754553 9.92977565728681 -1
6.8857392949351635 8.539888609587214 -1
3.5073274549496816 0.4463281370565153 -1
1.1447238862574172 1.0853214030081182 -1
9.71583216251118 5.177589366863141 -1
1.878068749676447 5.326751325406756 1
4.332112060546204 9.325777983660759 -1
6.045597737920811 3.9128103043361264 1
7.250721610472582 8.076849637447307 1
4.878753859687716 9.34187553545543 -1
9.093725730480832 8.586363224825497 -1
8.733561973653368 4.73522340578914 1
8.72981550448604 3.201333385448878 -1
1.0601727694866447 4.239740726335489 -1
5.004867613102062 5.749875231660486 1
1.5585672906036518 3.633748017820513 1
3.14817522417588 5.6221065867674005 1
5.353929441899971 1.7454230929574466 1
9.756232814673773 6.148238638093172 -1
8.375692774424435 5.646237158069384 1
0.42198949471561664 7.576367584835011 -1
5.376753296586562 8.911855401755254 1
5.906137599971554 2.836158428678858 1
3.941052992162412 2.1096986246953464 1
3.0146434011842427 8.311700394574435 1
9.762821467429168 1.506850444692347 -1
0.41107085585780245 3.393364155819248 -1
5.913766471296053 4.3759446599442695 1
8.599011812336851 7.2959433732768595 -1
8.297757289541876 9.516996456555706 -1
1.8932420526390992 8.691460641654471 -1
0.7768411460743962 9.580499726867899 -1
8.285725446451115 7.933499353075293 -1
3.4517679625524975 5.432057920034904 1
5.504846661658849 8.136486729957825 1
9.962268368493351 3.5148094416924724 -1
0.9723680955103564 1.7897023728843864 -1
2.443001786128262 4.159379523407375 1
0.6746897100250282 0.4972571536545878 -1
7.636109916766056 4.599598848585017 1
2.68410956029556 9.522281126979612 -1
8.80955723702666 4.161690744710876 1
0.10662382191740871 7.2019928813007645 -1
8.263212425139482 7.917457586491751 -1
7.747306329712956 7.9309804182958885 -1
2.1128593555863464 7.087968036794639 1
7.153143008733618 8.93194202488764 -1
5.142717020004096 7.688851793146934 1
4.2416042156609155 9.037574096524454 -1
4.775711461608438 2.810253521422792 1
9.372915256294533 1.1896666857731053 -1
3.4136688112048796 3.128430526010276 1
2.808156956335578 3.8714877011961746 1
9.57663580622332 8.710898400873452 -1
4.76227583630668 9.044813889040785 -1
1.561792869927201 8.030645955196658 -1
9.509840356393926 0.32032039489797937 -1
3.891794833451956 5.501899486044333 1
2.8389928328121194 7.920363977273804 1
1.1427035635976412 1.4047374632201115 -1
3.533913589951385 9.641089131536738 -1
6.644694944487193 2.7391443006462115 1
5.063545220483018 8.454561354617333 1
9.446457650855475 8.727516716253374 -1
2.246156321486823 0.9827159351701642 -1
7.782879287878033 5.050131736713011 1
8.824193737196502 7.348108459237793 -1
4.838950363523836 5.610647892492551 1
8.875264663057155 2.7240844662106145 -1
5.104935860554919 9.559125359015518 -1
7.66123612477127 5.103008543724049 1
7.361570509808063 5.003843341355108 1
8.088525727262004 1.4499994468571986 -1
0.11320535442042368 6.021204866154367 -1
4.58796005869056 7.463186480804832 1
1.486368823494879 5.332759783107775 1
4.600027343535117 7.297981346613178 1
7.769239392276392 1.6202273870476813 -1
9.320423936774294 6.869165441151969 -1
5.2774187508394474 1.5843178641560007 1
2.894768454977487 9.308555702655172 -1
7.120011691424743 9.628609923249329 -1
0.16546420409014218 9.262490901940424 -1
8.595328598153708 5.754343878808019 1
2.059947525497056 2.521765911589553 1
9.145454881495857 7.187690867982006 -1
3.379473186324762 3.707701590515524 1
3.63357170104901 9.562436677281095 -1
8.287062666067118 0.5737647647834276 -1
9.04177965632565 1.582154154209312 -1
3.4635397265892176 4.855211052386531 1
6.301562287260404 5.158455921545432 1
3.779250092836657 5.3768362256671365 1
2.284654601657162 3.650658903985522 1
0.9702731106837792 5.373797274035937 -1
1.130635073564058 8.760564627110398 -1
5.805780164915863 0.44264536746221994 -1
0.5252539252338195 9.604487067141608 -1
1.7463869319014425 9.498436471990056 -1
8.095629789283835 8.757588074434869 -1
5.369298744133077 8.167328536407313 1
2.476033173574397 8.316051970058112 -1
3.984842735416093 2.6490899488443844 1
6.702942625097542 7.318207090879232 1
3.9751452738840753 1.852028468322876 1
2.4804179205416865 6.871659046387038 1
8.828912457383431 7.619489462600971 -1
8.739726340238189 3.2072461642039194 -1
7.226313357893714 9.747888816677431 -1
6.3224072770282564 4.606216692460495 1
6.247262872266313 1.7675220716926077 1
1.8905889395203723 8.29793627104143 -1
2.3021278514345997 9.582364222306252 -1
5.26755037092496 2.3305446991340117 1
0.7577229708609212 7.236569594141966 -1
8.887147722027482 6.795647021577861 -1
7.808272057031188 3.4711611993881766 1
5.903848615434261 6.50686934562065 1
6.2452036726280316 4.102122356405358 1
3.3238881829656775 6.653210494081197 1
2.5866749883153717 1.3062861228264755 -1
1.8862744232392847 3.718127789934379 1
4.118522301534481 5.735286825082522 1
7.480749522260694 4.821605762715721 1
5.9996476983481575 8.181843597089316 1
5.238595383533008 1.466401878833865 1
4.8288069440437855 7.73095278068255 1
6.1157038202013725 2.2789691546992086 1
9.376064456350884 4.2054335270904355 -1
3.7587290462752634 7.488952148961555 1
0.9694399243345619 1.9251372129069766 -1
3.0260938529153214 3.9701521173256715 1
7.61736320923305 4.912838040026678 1
0.24590360128844746 5.935592745790489 -1
9.487027216586693 0.5052760566887904 -1
6.398129881648523 5.892233977217419 1
2.326529007647795 2.7956106014013704 1
5.7794518963346135 6.188107573987056 1
1.704271677174144 4.4547693976465546 1
0.005402896079965691 3.491136428689087 -1
0.7012865643604993 4.010968573365997 -1
5.618344832466528 9.63904767165082 -1
9.490131807004348 2.462455464943063 -1
1.6683134326290316 7.904128987258314 -1
0.7660030127156281 6.337325435269637 -1
6.735724778716605 2.7485145857009083 1
9.274020756636908 3.062099767158457 -1
5.9690811492249605 6.418958121049469 1
8.998312010283879 8.919568322695453 -1
7.992684246396875 4.180596802812002 1
3.487859485584095 5.1018434820202625 1
0.6251483500295385 9.894523405020783 -1
1.5676536080671155 2.4873364271048883 -1
5.224633780857793 0.09761646008182634 -1
5.033013785960126 2.4949806453662893 1
4.399489185588496 2.183635388981563 1
2.650621595569669 2.2510865048794484 1
9.380400994006425 5.420110499436901 -1
7.977759191546394 4.593751193752691 1
8.104882292236903 3.198258931989808 1
6.921655558209668 4.912060326579105 1
3.1854879347232847 3.7708490193209054 1
3.799547150708512 4.5322383944510145 1
8.305553197315922 7.187880657640519 1
7.322441163729759 0.2792971407283207 -1
1.6720301897466971 7.835582365681817 -1
6.289753746340492 4.78021052854404 1
1.5470385830632272 8.902673725631608 -1
3.0270072862521493 7.216352137415961 1
2.0835476769920414 9.36168267257759 -1
5.848810207649169 6.1819258623821405 1
2.040310444623735 7.194225612931206 1
1.9117300002954463 3.3471712555286204 1
4.120518488778787 3.782156374871566 1
1.64318768207099 2.0600697537739334 -1
1.368430397010505 8.504649061607388 -1
3.8880943344985717 2.6128121755571234 1
8.800742233960158 4.276008978486728 1
0.7073009156655441 8.943207738691608 -1
7.580082311998691 7.620959797171648 1
1.8293965814179802 1.6984323936077994 -1
8.943178976078393 2.895102740904715 -1
9.335301273723665 8.578762134320638 -1
0.5644628543376817 3.3555243373111745 -1
6.513691608441103 4.189384952643924 1
6.120604027892212 5.6723051730519085 1
7.610318202020549 1.9589917379215438 -1
8.946364859401415 2.130937629129832 -1
9.42411368018486 1.5839063712898716 -1
2.719627728144176 2.1617113971316817 1
0.9195400233857365 9.09325080516048 -1
3.1853316701023235 9.390878798189156 -1
8.845429203531262 6.022167627397398 1
3.069582950639856 6.007470477393813 1
1.8600140536854326 9.092660591790166 -1
5.040766333163979 5.172385672622641 1
6.872049757929473 5.701843853956668 1
3.307969257375004 3.3120167862474137 1
0.6275800277960575 7.506075400178852 -1
3.5614197797172253 6.468282774394565 1
5.346743429244256 8.82998726075641 1
8.133531929016076 3.140317426008435 1
8.368435909728856 0.732989590936648 -1
9.313398117672586 9.36752831532341 -1
