8.204671651123734 7.594171166572494 -1
9.749402464680081 5.647259313772615 -1
0.40650496504945455 6.87998641121542 -1
4.749095157963979 6.369273929335055 1
2.9917026674642155 9.591772358701252 -1
6.4323281056028305 8.664479718110465 1
5.688923866153697 6.228632629906365 1
7.520792771596106 8.143250334251485 -1
9.61273526455195 8.5934361682054 -1
3.4177639353198384 4.80870595983891 1
1.1653800942499326 1.1454228971518832 -1
3.74037861570757 4.465343329496778 1
3.542549803284536 1.2236931438288412 -1
7.261487722374092 4.6550930878122365 1
7.92324208432632 1.2078358285985413 -1
6.5611525617557795 2.4342681916799447 1
0.6478495704201603 2.23324236927687 -1
4.0301910326660035 8.005667658992909 1
5.8190613759144085 0.6755999476157981 -1
2.4262033772678304 7.193985100941983 1
6.111128816838579 7.373465921741404 1
8.41031402310009 1.9011671470992186 -1
1.9705966434895905 7.3326851203315835 1
9.247140812761472 4.870951472661471 -1
2.582504623538888 2.632106213824743 1
3.8090630994081542 0.681460602259627 -1
8.30594446697282 5.602247934006707 1
2.4539829501855728 5.145741264192646 1
1.5556696657549185 9.388082116550645 -1
2.3894086402216375 2.713335033042643 1
9.734480872297201 3.5501284758169813 -1
0.04525417393546616 7.81316594946968 -1
0.8012525670020165 4.411650674936231 -1
6.161652552466652 9.127087014177347 -1
9.985555864633689 1.2897585745595408 -1
1.9086668764410275 3.730070428460489 1
4.029516103763293 5.1347220776323885 1
9.441858911878157 6.722651085540143 -1
5.9293194457370095 1.374410472976877 1
0.21276060601291946 5.98157439201187 -1
7.886629888210619 4.571643804110098 1
7.967675872659445 2.387328363309804 1
4.128764583498238 3.668859586343877 1
2.7133031756255055 5.2710006731194605 1
0.16758198669883373 5.59987987011366 -1
5.252628324610424 3.7759870228084425 1
9.526629659389368 4.2154313906802034 -1
2.1597793357071806 4.8198472810220485 1
3.077394741565991 3.3037547155936364 1
7.083424965231735 7.695734166102889 1
1.5935386185588396 3.5287106959641634 1
9.084584915068351 5.41217071982536 -1
4.756897804121827 3.223295263124312 1
6.983620524542342 7.35390105442775 1
0.3838032317060269 4.976312240369481 -1
7.1031658794709065 1.2516421720797766 -1
1.5783278836015169 9.728082435513866 -1
1.629608977182213 0.6855683751044395 -1
7.755932921628884 4.12279053244127 1
6.884985425778205 1.2552026339361877 -1
1.6632295264211294 2.065831196198263 -1
1.6490519941474324 7.194766817217587 -1
3.4572548788868316 3.3355223322548433 1
8.490699585029564 7.646830673454142 -1
9.480700120509391 0.43556375160305305 -1
4.454423228010764 2.4442611341517395 1
3.644384289790481 0.49259351132832974 -1
7.2569074116071475 1.503573338625761 -1
2.1326030218584147 0.8769741361991523 -1
8.455991589627732 4.0429698714084825 1
7.235088625802626 7.728967816963706 1
0.4763078865929582 2.9490659006604156 -1
1.2257375811834215 0.7322343288568511 -1
4.505565874242467 9.522798881189505 -1
7.102220232561524 7.518421278686398 1
5.755612865965877 6.805903228051173 1
1.4030251781214664 4.204133390596919 1
3.0719245436159714 1.583756043909622 1
7.535144620973665 4.716986967701873 1
8.246167333305351 0.15456778654607373 -1
4.720141120437219 0.7742614313927465 -1
8.388076089170779 3.1725577421933093 1
7.533399623953443 5.943974260400084 1
9.775358501666954 5.066614347824778 -1
1.17568992023652 9.71010289643256 -1
9.702227428184639 3.864871890796675 -1
7.210144652763519 3.0731433011997753 1
4.770970535814511 4.778816651617623 1
5.939512408624371 9.112719238001558 -1
2.1270444990357285 8.476799841174099 -1
0.6361630108718763 6.71692850986784 -1
9.292682215573043 1.4317292057165032 -1
8.10224032286614 1.9106469600650444 -1
2.2284253097204254 1.762039840143289 -1
6.133641885569538 4.53887170253879 1
5.36871168161157 9.22617565568581 -1
2.9764867483776647 0.6464944962679764 -1
3.0452909890188042 6.4658035315004785 1
7.488660985035437 0.20181742018574478 -1
8.61863503472047 8.207238004088893 -1
0.6749780633593805 1.846639396283588 -1
3.9122347122774483 0.10363511757344401 -1
5.161681988878357 7.168542410934026 1
2.0074861502983676 7.2908634571287765 1
3.007032044901501 9.215077476168375 -1
7.8952961432113415 5.186285707987367 1
8.0945462203558 0.5197689730339672 -1
8.528656789466124 5.271664862157227 1
3.3958139683769515 2.9524892745313123 1
8.062948500894759 5.908409164952132 1
7.412328582758012 7.2759662714709545 1
9.45844425916252 6.197344592285607 -1
3.4499409011377367 1.0566464258281794 -1
8.243984958143463 7.386545369588916 -1
5.079095211978283 1.4953372806966636 1
7.157624059727226 1.2269786553759654 -1
1.6453987144042093 2.5978492399122355 -1
3.02739472107275 4.8225057458255325 1
5.292146114090926 9.275306000237384 -1
7.166771961451397 6.929255685657722 1
9.19647742810391 0.5769494106461059 -1
8.229988543003724 6.051981002867119 1
3.263621841568809 3.080474238114881 1
2.565973228449576 4.028112338549803 1
2.523996241119655 9.607179667059986 -1
5.873574270121544 1.302787890686673 1
7.587656368140387 3.27613599201797 1
1.9760370110534065 7.1367129860084955 1
0.022728939314008434 3.6136669851695724 -1
7.66896115815039 8.994241136922666 -1
6.232165844234202 4.997620659995917 1
8.422785405783623 1.0283470094068803 -1
9.783987655016315 2.7274881409724063 -1
1.1599601687092476 1.991780211623736 -1
1.3231749947235416 1.0762279859504231 -1
9.841893075913106 5.570240921636808 -1
0.6959590921971015 1.370437997818632 -1
6.576172058255417 7.699694908432706 1
3.149955968028623 2.8668866396016233 1
6.906728406461826 2.141412537419567 1
2.861529312625093 1.8276010300523882 1
2.2851780094898446 6.406780199919927 1
2.8642160725527344 6.721634861580334 1
5.330244949949654 8.822714379866628 1
8.899591099721073 3.3216403803401198 -1
4.244004782891028 7.544046677169154 1
1.718150518155973 8.888459959821683 -1
4.23980347301443 8.608330115459266 1
5.85412114688319 8.651317037763617 1
7.349056863187248 8.445556825892716 -1
5.1313996246952955 5.577938605529442 1
2.9056406371950914 4.345556965724944 1
9.882323816748027 1.889612982455835 -1
4.092151555792701 3.6400775334319944 1
8.251765578304546 6.812731991598531 1
0.40168238906215237 4.026075208725011 -1
1.2000477363563355 3.18704143062726 -1
1.942955250082029 1.4725748521288418 -1
5.2126710404162955 8.22164500573214 1
3.485685471173634 5.260722259668195 1
1.4394231983849348 4.701429767568831 1
5.954834066959042 8.004969053984203 1
6.391991749947222 4.222188369211052 1
7.7997086312730275 1.1744722040061961 -1
9.11730532644027 8.416363404339963 -1
4.2396950340672 4.9039272061303745 1
6.370496524102043 0.1629922272875406 -1
1.6921891929578514 8.679510123839698 -1
0.130527128868978 4.454190537869774 -1
7.056442785925006 5.057476319393349 1
2.1705440483251937 2.2526656886484764 1
6.4474225876974725 5.474136075793559 1
8.107244203488571 1.745040741890277 -1
2.8352164149626837 9.186819956849979 -1
9.28610822231553 7.566131911774399 -1
6.589908023045172 6.644191928070874 1
4.715910739322196 7.91804724578252 1
3.299598873134056 2.329562558122207 1
6.097441150502542 7.727236538541339 1
5.125432271098116 4.415339620711293 1
1.3454003292712502 3.93326825724726 1
8.403493519107329 8.94192836887587 -1
9.339421918091364 7.667170007255021 -1
8.187053996055665 2.0654981535074333 -1
3.9029629056687765 6.785866577557989 1
6.291742277857968 6.993480977402486 1
1.561349765430673 2.641864200942088 -1
9.047014522276601 4.526244378138561 -1
0.8211585349637407 7.789387509550347 -1
9.891931228128076 5.310198561763935 -1
3.8041220537543063 1.7851122523218033 1
4.494089908978949 3.9761731099548903 1
7.844432419352238 3.046386946414329 1
8.119161015721438 9.773569482747792 -1
7.304311721786645 0.319709844200613 -1
0.1951350264255136 9.252275584394292 -1
0.11677137491635681 1.7412974286977245 -1
0.8159266290521416 9.299878432351983 -1
5.19812595982539 2.70212137090293 1
2.295532017378675 8.480729398206172 -1
4.979880807305523 9.458597752895152 -1
3.7342436676811097 2.380824020962633 1
7.2021270462340805 7.854176031084449 1
0.045646505087026945 9.487801445562653 -1
8.029633677064837 6.576041988328781 1
0.5943888311045975 7.5864726933659 -1
1.7459358719735707 3.5920459198556918 1
3.7309835411103687 3.5706495138355754 1
9.958378124455097 3.1056582075897565 -1
4.072052035687388 3.5980927950346264 1
9.653853460020544 0.6794285557316471 -1
2.209406324049156 1.8139207816963632 -1
5.322356688331515 1.1751019161063303 1
9.009590591233756 4.2896536160202565 -1
3.016076260208971 3.6945671405355904 1
0.8174603561321836 2.8346415112263723 -1
5.662855743016943 9.627327448451766 -1
5.789996934924854 8.456985655689419 1
1.4513428192201294 8.77986007746941 -1
7.16634085190131 8.232429995309639 1
7.24377512346744 1.302016583642036 -1
6.340634095911124 9.333110197114898 -1
4.7681548938861 4.087481800111329 1
3.5660389461565623 9.443017806461961 -1
8.242057687502609 7.573199232519137 -1
4.334647076647347 5.125192775036313 1
5.2206453570062505 4.609073283346149 1
2.7569530916318863 3.00890200420304 1
1.4842163649639006 4.258843313347308 1
9.94521541684514 2.1526696847651405 -1
3.5545801442951896 8.076107354444574 1
0.21839693084612533 5.5174652178351895 -1
7.971190596199664 9.560695376302844 -1
0.10188005843060566 3.4837470463761546 -1
4.395806380187601 2.0155373026404177 1
1.9745152163829793 8.044509860658165 -1
8.248105337644484 9.792618230821587 -1
0.5544437546517822 0.46826564522689407 -1
5.377621000143382 6.718924224069242 1
2.613404837742589 2.872843508503764 1
3.0286525280734846 4.234365925970964 1
8.240543069066575 0.2435319494067001 -1
7.501392229568259 4.17126456093923 1
6.514466990512283 5.435094284727065 1
1.3859301363195142 0.7992371984698621 -1
6.750395516235615 9.578567900420587 -1
5.240178019791979 0.4931700174531417 -1
5.837624605938579 9.81197963747806 -1
7.92217324478158 1.9169768512936203 -1
2.183857333086917 4.488169582572158 1
2.3349426222694856 5.088935866932864 1
2.2657137061678223 2.258864178746726 1
6.1883030318387515 4.428273526612241 1
5.463770446231766 8.320898281858636 1
3.04483884142288 3.2747355858867944 1
1.0325792548223733 1.4087679984441492 -1
0.5252814327671695 9.367572240885242 -1
3.395950667955554 7.3160132278261845 1
2.5732220300352635 7.9829742655978375 1
8.758132777851683 4.9296277681025895 1
2.612870406946292 8.47548387376651 -1
1.0659844661042217 3.603244788393188 -1
3.427673570086508 3.077623464006188 1
1.4286646197236808 8.043003134050261 -1
8.761913729759227 6.663355341250803 -1
9.06474443225262 6.684575446037363 -1
2.0473031956648047 3.2323412989059275 1
4.37890193319093 9.488682414459394 -1
7.479431759149879 7.903083575860021 1
5.097615986361045 3.629443224464519 1
4.03462914910913 7.091012849945489 1
8.572656781397617 3.268425230985219 1
9.220133001364188 7.022214011971042 -1
0.5550732961480953 6.4209318130825626 -1
6.347478364893738 3.4178432498843625 1
1.0628953084199766 4.2311150876385835 -1
7.161266300105281 2.8164552136146 1
3.001995617458586 4.508617328340431 1
1.7971023630489968 0.8333413927569633 -1
8.585341203423472 6.977160384006399 -1
1.0014987628841465 7.578763030105353 -1
5.863506758619095 9.189936301902078 -1
3.2132739937928556 8.359433766221873 1
7.606480500222004 6.588392069114021 1
6.2457209348640585 9.778535371930662 -1
4.9891701030903395 2.2106591848212376 1
0.5693382598977248 5.599343022532462 -1
2.600047054523409 5.621279194332203 1
1.399344802139234 8.095724101429592 -1
5.650789713523931 8.540573931401509 1
7.1867509478003555 2.2003044588365728 1
4.560291825363554 5.536460107118902 1
7.486575802990643 2.225988332464155 1
0.8977083105273664 8.413895667930785 -1
1.0826630246439306 8.380545916772343 -1
6.1418091724631925 0.39066114657208995 -1
1.3617753715154723 6.703521339172389 -1
7.603334784384824 8.929481195712137 -1
5.7225101357341615 6.472706788082836 1
4.048465174309536 9.470762237849405 -1
6.845232023531627 6.026297116790499 1
1.4211229998516128 6.152776204055147 1
4.961706094704815 4.942989465475986 1
1.9937945017307102 5.018786583582083 1
6.342953135776179 5.129717551590833 1
5.50776143490663 6.15881318382414 1
8.465541049768206 9.37528572825016 -1
7.88032079795372 3.5637273028470973 1
8.978392328547656 8.5940460342237 -1
6.251824956581852 1.2675109660264594 1
8.877969011467625 2.1212017571634414 -1
4.776860802500005 8.066816994248994 1
8.912192843239454 4.619607959122673 1
6.9539112744229925 2.57925062822102 1
4.238900833022124 3.942914347514259 1
4.249002890682732 7.884043757077422 1
7.1992510141918045 5.214337864620991 1
8.29267746015345 0.47994242594619707 -1
4.187229880758605 1.6874975902377565 1
6.264041707805933 7.813236001383927 1
4.931291505278715 9.229930515982279 -1
4.507157768368057 3.6184113231579182 1
0.7018786336399951 3.219254186641428 -1
5.572410192033325 0.2300022620464015 -1
0.6808610040243057 1.6238263227979888 -1
6.314869800856653 4.703750696749658 1
7.839732556765425 9.879306295672318 -1
4.307931566971338 2.6630469462104536 1
9.614088244641701 7.262675512756819 -1
7.789957865268803 2.238742154930061 1
4.003027060843387 3.9858558130851938 1
9.737873073992656 7.475564927361409 -1
7.586688679563114 6.784156415067823 1
3.8070549924237684 1.6409402929132988 1
1.944497775682592 9.91008129426474 -1
7.845902675225805 2.1795084229424444 -1
7.75828061460499 6.398697207838837 1
3.3195712183128556 0.9374179891762524 -1
7.3497469466309475 2.6019299849470934 1
8.037169815591191 3.483038359176651 1
2.0131996225677 5.273875969189392 1
9.40374052652072 1.0635378096665749 -1
0.0378178350942493 7.855196633663054 -1
9.432843944589695 9.660056417329452 -1
3.1444538759808838 4.756525551792734 1
8.230104905321925 6.599185245452379 1
5.429693229963336 6.105978040566564 1
1.017959772734669 8.677108618057371 -1
4.831148618160417 1.943040858210645 1
7.141992043745144 3.8541296097500064 1
6.0220631384937935 0.040029493661224436 -1
9.55288460656583 4.742173387438458 -1
9.463470309756001 0.8024390586162455 -1
2.338652943501045 8.480281829905069 -1
8.909406941019958 7.360461829520868 -1
6.124677529315006 8.709758684803917 1
6.937319004010593 0.2557736340982175 -1
2.066972186638333 8.814440447719509 -1
2.3176954749732714 9.38640534684697 -1
8.012548204436893 5.752727981871257 1
4.462026901749121 8.882256772312678 1
2.314699540662767 4.057692157260583 1
0.823858731200191 5.61682645820237 -1
8.174861478499903 8.020109472546837 -1
7.913415131234468 8.660434848655745 -1
0.3488179881509501 7.930443995552282 -1
4.7045912799125365 3.737319751628169 1
3.6335181771528213 9.220688922773899 -1
2.7367731536047915 0.7231852166151154 -1
4.074701882767718 9.414957986967368 -1
9.504128177512545 3.7114177547548763 -1
6.23930723155393 9.567677856581296 -1
8.958435565405052 2.328586694821885 -1
3.600756075204432 9.571535415786872 -1
6.509294699185769 7.984518569158398 1
6.940119287049319 5.635576958197916 1
9.052014112556979 4.924507226519915 -1
6.266753709782817 1.190876879539574 -1
3.4558995781803903 8.302694616160236 1
6.876750782971239 4.618326770474818 1
4.800749699737919 8.32773596814038 1
7.321554995177095 8.48774571451576 -1
1.2713193130790967 7.257860230690004 -1
8.816665169665164 8.931316631547126 -1
4.390053644832567 6.216303912505191 1
2.4515690769191134 5.660488811191419 1
6.446298984873203 3.67153367076917 1
9.909497387755449 4.226878993075265 -1
9.939477146567366 0.05371190029115347 -1
0.6104297023063898 0.3624973151901911 -1
8.664027257684248 2.3756362358968808 -1
5.909866967048693 4.271549483108443 1
8.03913913043928 0.17555305940365362 -1
7.791195319426027 1.7734149381347875 -1
2.5545927001522273 1.6342631281538067 -1
0.7072016432821127 3.356637118721294 -1
6.952124901811715 8.204528428708105 1
0.24634308416530692 3.2228553768114345 -1
7.168516206936076 6.765011899793287 1
2.3604373741957687 6.757026955296649 1
7.4322183881225765 2.49645753415886 1
2.8145988716468686 6.8887892111891205 1
7.987896281794667 0.8590320711244115 -1
3.400821526538653 1.3904988379030492 1
6.246099818785712 6.9504762869816075 1
7.673913340938371 3.5023436312297287 1
4.2734712146745775 1.5117628709610353 1
5.842350206456981 4.144041253055332 1
4.309296446307257 0.4571518793656537 -1
8.656313871791125 3.2484033078720485 -1
1.0389273256160414 6.692839582445778 -1
3.1164018520072156 6.327239386850142 1
3.005444655978635 0.2377781307810245 -1
9.688808844678853 6.058011474077352 -1
4.359273632950757 3.9674955247024446 1
6.058482877746903 8.944720888316217 -1
8.025685663380465 9.512722256901187 -1
7.475720264484393 1.3145160166929948 -1
3.914821126120729 6.286614065015365 1
7.446325339854765 7.230178342665271 1
3.395918532356248 3.5142626021976153 1
6.791769697565576 3.9574706344795674 1
7.5352101364402815 7.47079692329878 1
8.363813572789367 3.065132262800713 1
6.270839948403349 0.8292073234717756 -1
2.3077409328977194 4.434325663325972 1
2.602225213746533 2.7239780027527702 1
2.216175179028438 2.681325008068339 1
0.548450162761891 7.227732868582811 -1
9.781901772298289 4.021377626679649 -1
0.16138590337434477 9.371363888057582 -1
3.5578471538824386 6.3612170770296 1
0.7441620084864975 7.872469607281022 -1
4.200993391083948 7.489475480354742 1
4.868308497094097 7.405125155816928 1
8.739062381497998 0.9735571647185814 -1
3.4432252709104727 5.244068077486524 1
9.903389568208977 1.3821477777214641 -1
8.296105468348042 2.050338190141898 -1
6.378468992800677 6.152056664183652 1
7.965577548782273 4.888256790299756 1
9.559760687812984 4.62650486060845 -1
7.549507360440401 6.132466477012224 1
8.677932672556825 4.399632516033306 1
4.34818785621077 5.73611432650223 1
0.9212808022694474 4.386798210162908 -1
7.513805696814458 6.825936646297189 1
2.3106843213651107 2.8551698303746917 1
0.6103669084008156 0.07125189724026981 -1
3.774962384592875 8.836443861829837 -1
6.067751577388143 6.05734826696254 1
7.119858626687904 5.170573145619903 1
4.565964232672345 3.248868237909451 1
6.010069592669845 8.055949126937609 1
3.2313162930317207 0.7261157352109893 -1
0.3714998487213206 3.150228525421357 -1
6.250211478251469 3.906746776954091 1
0.7487697749404532 6.747302310300853 -1
4.29680700392031 3.695109360332971 1
3.564370471482966 3.9792418546238717 1
1.4714151170351986 7.289090334443062 -1
7.087463865689765 5.008939735076029 1
8.662514823551474 0.05747496367949134 -1
6.832938293406227 2.2925416447711457 1
4.936939188556978 2.6102393919778724 1
7.213407403721195 7.855513548755279 1
7.8055199656273455 7.119775414485733 1
5.651885409560453 9.697778968762124 -1
2.907296845584102 8.571801419240668 -1
2.9996977825511575 9.612046444176022 -1
6.048290998457486 3.036108202520762 1
5.515205549351263 0.8777824059785044 -1
1.2316696019658102 5.914992073798855 1
6.004114157144498 9.93942538699849 -1
3.2352898292788854 4.796344290248012 1
6.869094522827163 4.846829172353796 1
6.206543475136491 0.3539584660836925 -1
2.5367587103320934 0.17457057232460493 -1
8.3302055897086 2.9386742373606234 1
8.707183735918937 7.662617534426229 -1
1.3683705968325233 4.443361622035838 1
8.895315715970867 0.27611319758669484 -1
4.321935100326245 7.65802456360691 1
4.706255389410686 7.0366607171641515 1
2.362512019404516 3.414638529858661 1
0.7713127258824148 2.402023187464576 -1
2.9003759361238934 6.199109150166966 1
3.0665495883064664 1.070208423537763 -1
1.13899291306374 7.544443527252847 -1
9.253249545685124 6.474245380625678 -1
2.366725316126843 0.5885262101112188 -1
8.344332721747223 1.3613688891377584 -1
3.9539199245096013 1.8153128377202954 1
5.476551824221584 2.8444342706672296 1
2.427578227006827 2.587588202009512 1
8.154463124906414 0.3065788825526894 -1
9.105442927052 2.803761960244385 -1
7.471395868870376 5.232210870901025 1
7.911500826463883 1.3096498395135203 -1
6.497546874298516 5.569316670238357 1
2.9344396436990605 7.131272540483505 1
6.9685366226072905 1.3416712126614394 -1
7.117706115516874 4.0431231207136165 1
6.411673705271323 3.0325938916291815 1
5.1586886453436875 0.42773953612078364 -1
0.5682777014531437 7.642737913227973 -1
7.251691982506381 4.874288737051788 1
1.3105225374731722 6.872704216963685 -1
2.098994502738072 8.438455167983074 -1
8.251664742991805 7.596532347129666 -1
4.674816479252239 0.8003753290855942 -1
4.345338534493307 4.868873781664298 1
0.6760603713246438 3.9208813912517524 -1
1.2933769168989018 4.154487342121714 1
1.3460264056077664 0.36859190496443484 -1
4.474980843195545 0.1285724149480849 -1
0.24939518653358528 2.6274883075743083 -1
1.5217129314646793 4.109050171544087 1
8.061144754150739 3.623462765365637 1
8.477460558802605 8.365198119444573 -1
1.2161902434338867 7.505852897812433 -1
3.1900980651092703 0.4268965200253283 -1
1.7995226769913142 1.091124527598346 -1
0.958380735060167 3.0261751730574105 -1
1.886684491099312 4.286026423855271 1
2.133892996797461 6.601080520228396 1
8.740507445856144 2.3584665223136367 -1
3.3209543099998076 7.661716495996455 1
5.693391498473646 7.5100830790910225 1
1.6418845775044066 0.6011188533868383 -1
3.298773141871585 5.71502254464853 1
4.739273999270674 9.621069334176855 -1
0.11588943101873417 2.982018494874543 -1
8.110464356663023 9.466619236543334 -1
8.153275756058152 9.110113770243613 -1
1.9819435363204485 1.1406929962560142 -1
7.344002560923456 2.0872919748223984 1
4.528337841898608 4.531625100475962 1
1.4317786262948484 3.434171672042856 1
8.064103755079072 2.007488805913696 -1
0.6099529618336874 4.306719716846476 -1
1.3421981556638263 9.638440470799909 -1
2.0110986061389005 6.613495799724963 1
6.28749822081288 7.564468236435581 1
5.206579718050307 8.287148310042676 1
5.513123674394286 9.403852856142597 -1
4.7688150523655795 9.493802908617646 -1
7.701915457093191 5.445617937994912 1
3.9883307702571544 4.2420337112094355 1
3.382400572655416 5.9077956928884765 1
3.4794495619606423 0.01849088982601721 -1
8.5008512797966 4.577616770738495 1
2.652945085312408 0.6656027993536706 -1
3.341290324214002 1.157550633755855 -1
0.6236832348964017 5.225999006104026 -1
7.1274501527885095 9.067764474744333 -1
9.556975233220053 3.6206976835482383 -1
3.787372564147913 7.908964589750017 1
4.516452277579557 9.790586264148997 -1
2.8733724187374756 7.348645590570674 1
0.7891271598654825 2.545060212743817 -1
9.824243058741356 7.982502475759137 -1
7.882976728593726 3.7872147866932915 1
5.727605574939275 9.96916779476223 -1
8.37703381563924 8.945532489627269 -1
6.545788745064471 3.710580442236396 1
2.3680680116638775 5.889363298686422 1
4.612225286483098 5.82895491595368 1
4.120889133316247 7.10207755695067 1
8.06261895238201 2.2983115333441004 -1
3.237915351846911 7.482223686772932 1
5.853675479823291 1.7521237143657697 1
4.691309865147892 0.9180366777670956 -1
6.158286561115181 4.684775026267686 1
5.321347135678623 1.0722996307675792 1
5.677678193447458 8.32693208276246 1
1.6782004998952538 8.864272428508711 -1
8.110506682816832 7.622542746273423 -1
7.266277289185167 0.9241645530978937 -1
1.8418924697839234 7.505462055518111 -1
2.018537122253913 1.352420238427744 -1
9.026015973985292 3.868446520489073 -1
7.121818054926804 1.002943049756796 -1
4.494974404022996 6.699680416965482 1
3.5371946618164762 5.021405026941243 1
6.255778590625505 6.534692223375409 1
9.940970663309818 3.780192431643241 -1
9.397290327594831 7.263664110106655 -1
8.463178287282677 1.8239694125449912 -1
9.021751415519782 0.23975387130723447 -1
7.3022258805073905 3.216604583855529 1
0.6906758517940725 1.5403998873951386 -1
7.134494750692895 5.953885178932614 1
7.133389987768528 8.026244518640942 1
6.906622998001622 6.666247467665096 1
3.118395180533403 0.668726483889851 -1
2.990557947735094 6.792450311579003 1
9.593513739254776 4.974577558193273 -1
1.279947113776505 8.746512622501369 -1
0.5404341523277079 9.147486650279111 -1
6.625353364745842 0.11988644056222131 -1
7.930752845011234 8.878886016925717 -1
3.19183713517303 3.219207801264985 1
2.6538158341675233 7.763388793660431 1
5.759485126842662 0.06223672384553791 -1
2.1076264670294433 9.22558075839148 -1
7.071626862094501 1.9446387658022846 1
6.863959067239266 7.817139027072529 1
0.18780189455934737 0.39401388300250195 -1
4.281913495806712 5.976438458692127 1
0.01867208330344483 7.317060690126491 -1
1.7024715220210263 5.545064223440221 1
8.709432261495277 2.3039931959188054 -1
9.964675139417974 5.2376356961975095 -1
1.3070882184916222 0.9718892312832172 -1
1.4777865932510525 7.932680690329521 -1
7.37718685522176 1.3590430304845735 -1
0.9311559028240435 7.342471586173444 -1
1.7833117187257874 4.555093303160431 1
4.963469160912771 4.634437230096103 1
2.7619218188881556 2.4926038631679495 1
6.831217315589779 4.700749506472986 1
7.046490051114613 3.1311089891167674 1
9.046726116626278 2.9076038535062554 -1
7.226331570537142 8.725960099869942 -1
3.707121998924218 3.5419416405045157 1
5.048996254873925 0.45368198216107825 -1
2.700233239678033 9.271723803896041 -1
2.882180057193444 3.3204347308998097 1
6.407352791854136 8.27617994225512 1
8.028487743643373 6.2145386935891365 1
2.6147293273565166 8.791647164428296 -1
7.607704693634746 7.2447170950251945 1
7.347309275538229 5.149986279374889 1
7.540770099551606 4.5231944771756645 1
1.4585348184277025 5.7341247862498115 1
7.116372444340575 2.9337692326408114 1
7.08339896156197 8.854160313502268 -1
6.104827801576973 3.565923678701235 1
7.815734817870253 7.047385382061439 1
2.79328787917118 2.2558501428410835 1
0.5180360746474377 9.283059155329305 -1
5.592060490083551 1.219493319417636 1
0.6991691089225405 4.7973004868782345 -1
3.1057933191369513 3.788359017963855 1
6.362211719399803 3.1560329832600944 1
4.366542118507208 8.029689469445561 1
9.144606595393906 5.755863789606876 -1
6.616997975840297 5.357002764485626 1
4.842030861384522 5.880994383890549 1
6.0825634804143744 4.9152362833608905 1
5.840952382261632 8.78407121332202 1
5.989902304567826 2.011261175779305 1
6.048121148341882 1.3829093169512408 1
5.057606807824496 1.6639702844227322 1
0.6886776184251497 1.631271083625262 -1
2.1501563258289136 0.8623380932152136 -1
6.9852047669881125 0.875164511125478 -1
4.877790476995939 7.147570085730801 1
6.573797237066326 5.31143543087399 1
6.483609541611316 7.5186466449386655 1
9.174519562569177 5.972151080514862 -1
7.983195315106477 1.7329096157794488 -1
0.7585078596238382 8.668855833841286 -1
6.272842635786752 4.8747991974744975 1
8.970097403718716 2.233267619933738 -1
6.879667868309044 0.7592453084735606 -1
2.1565050822742715 0.3177341764350128 -1
2.4454019204550503 0.6357666365488868 -1
4.581398182669596 7.427652678947469 1
5.790639609520385 8.19737324435583 1
8.248629590933799 2.9718177516722233 1
6.600862303242863 7.637811626717631 1
3.4856688145554227 6.42535332271814 1
0.36121486848763373 5.5969341691455 -1
8.833134406409576 5.605911759930725 1
7.619832734446119 2.7805792457376777 1
2.7111767226767194 2.3824038831140126 1
6.801699732523122 2.0301744842443483 1
5.323332357385261 5.418671108298369 1
8.971538145812302 2.4295098471800927 -1
4.719946055172061 8.727964686136458 1
2.3502482793435897 2.340504913418684 1
1.394625360913494 8.507487797240458 -1
6.416837276414223 1.5168705384471914 1
6.385893255726575 2.595968448357724 1
9.076051669342041 1.8149055026653427 -1
5.700314622108399 4.737103237027492 1
5.0613513751008865 3.966049886369677 1
6.722569101503288 3.361511187656663 1
1.518665392263835 3.2471032955846626 1
7.7484329441997115 1.4411854626945453 -1
4.252148177839873 9.911286411830035 -1
2.460319783600484 1.3403366559096663 -1
2.2450877487646648 8.7043832116991 -1
0.7117236624642387 9.325476938734466 -1
9.22600802402174 8.213364967577993 -1
1.5172685033658373 1.959960836857656 -1
8.490318002774636 5.338543561962742 1
6.877978228527974 3.3587047381797728 1
2.051021326209593 8.532445649279941 -1
6.073382667447477 8.143107923391256 1
1.2316468931747382 5.4933251836110975 1
9.301857200259352 5.681158574628552 -1
2.82336370648851 2.666890957431053 1
7.364215315618241 3.3261905096028976 1
0.23003415054418386 5.261321014194666 -1
8.849073914849441 7.346191072091452 -1
3.7916651291885417 1.8353163925965532 1
6.139372429559028 7.3722042525911124 1
7.283595298953839 3.296888615657619 1
3.2838480656860733 7.708520684081143 1
3.0463715039577344 0.04511921949388209 -1
1.9629769110732809 0.04406499444941536 -1
6.686857433133513 6.710945430567569 1
4.018506178031656 3.9629796554960004 1
0.31824076872368323 4.8942790279319945 -1
4.667915697246714 0.7038557127398382 -1
0.865725773379511 8.507950960705637 -1
1.1763689688208012 6.293734279167119 -1
8.776575789210728 9.286755621397559 -1
4.784687042069848 2.7165805314353686 1
0.21797130758380634 6.538228414709586 -1
2.9064208808236778 0.3333316185610702 -1
6.504415780720965 9.73660837958002 -1
8.610929262119377 7.625160847283558 -1
4.516436616459839 9.793016696510474 -1
6.24410495284364 1.569731276945432 1
1.6445859034913013 2.4985108765639232 -1
8.974291838198138 9.563852207221728 -1
9.747700844592766 1.3625582096911415 -1
3.462991313398688 0.05212215871976733 -1
4.909340629722965 1.3559631694597118 1
0.042740656182779224 5.776222079453008 -1
8.583429107988463 9.509713156390639 -1
1.260211835946513 3.7462447713469382 1
9.678103770041544 5.8125826517192465 -1
8.114482409979587 2.9959806016375246 1
7.946325718814482 2.705239222960647 1
8.609056633704386 6.785785681784244 -1
2.8663880603404035 8.005098808580142 1
3.4619414212394495 3.722552798174049 1
1.5979016372035793 8.838167171757101 -1
0.7147777398502841 4.018211254659447 -1
6.363538300550587 8.762267596315985 -1
7.159481793607778 3.3684603252003917 1
4.328579005716399 3.8841107309018206 1
0.0035489275375810703 1.6089842575918756 -1
6.141202872885251 2.638972245106148 1
0.43080583276360995 6.713413140796978 -1
8.05346115617851 4.039694377394941 1
1.0625129559975832 5.256428683419292 1
4.813695522433759 2.9514191420234526 1
3.1538047346349787 6.156194519948741 1
7.93245653174543 4.055843479735051 1
7.139464059894982 3.0756938054154483 1
0.059862324414310386 1.5205253881896041 -1
8.165417464186463 5.455254687231619 1
4.409510274687035 7.82168280016519 1
5.394853986238336 1.1476194943779505 1
9.322190642705435 4.333283761743649 -1
2.7560312070175055 9.966243795682074 -1
5.04340268834953 6.2622828143220834 1
3.8828858051470427 3.3983218359992238 1
3.1512840971281983 5.041038057999647 1
1.8263090360198864 7.18491274431255 1
1.11846582988412 4.4728397563755955 1
8.45625923320781 2.4846842165373784 -1
1.7741372921186949 5.529884915706678 1
9.119804371636697 1.8780824878155422 -1
2.758051045796025 3.586214435044812 1
2.2806109607328517 4.7436239587372855 1
2.179119366601161 5.405207609361465 1
6.6520199744737045 1.647490832987959 1
5.70725691162888 5.013641063109132 1
3.5377747961960413 3.0818139798541844 1
0.15774565042261268 5.861966462867755 -1
8.195915354892659 7.192993057140532 1
4.571338087929384 3.428463432133164 1
2.3328638200736007 2.0487922627188615 1
3.888363918879818 2.3397267695801682 1
6.559992124239548 4.541547350628367 1
2.3379241531847326 8.056346122827774 -1
6.907571002529035 5.136548477715391 1
4.843818739113981 9.100774461075202 -1
7.146781215178695 7.613108759962149 1
3.0133062376640507 5.567258315950586 1
6.649233883509902 8.084057115954437 1
1.0558774051026176 6.895101308000783 -1
1.5112479497005549 7.654757037447927 -1
1.0185457923524777 0.7100575292009026 -1
7.327592866625942 4.652404910049347 1
8.131768669174866 0.16113868953604893 -1
9.3339873257436 4.4177461467113535 -1
1.0343551061080536 0.3119361915391039 -1
5.065284949862965 4.110372990918995 1
2.0197565517223737 3.431606499828045 1
0.9501881418178182 7.790189725045243 -1
1.4744120005951766 2.181132725673595 -1
9.494971581590502 7.309376442220614 -1
1.5145755075555378 9.540796417552786 -1
0.9298144398306196 7.206708962158572 -1
9.705755791716212 5.7875546058960605 -1
6.29256106712268 3.673312999152376 1
7.646393142281181 8.629408021425686 -1
1.2715898216503807 1.1974319357567276 -1
7.924238055995419 8.800393581576959 -1
2.7329748026399936 3.530489461783234 1
2.6671314721249617 3.446194600723814 1
4.784085920812016 9.382857008861055 -1
0.1064014331919616 1.8435065859707023 -1
3.3763522997357565 7.158851302451334 1
7.681822164553756 8.620884755360176 -1
0.15228061912377466 0.15494039882947508 -1
0.9546307838272705 6.3717852689123315 -1
1.4979676853163015 4.569359250864466 1
7.30542876398597 2.22847126970398 1
5.248423638748857 7.236289926671989 1
4.7079385782269725 8.267842381148284 1
3.411634256004704 3.7591778666508757 1
2.2036959787459622 6.392878601663865 1
6.267519153976472 4.22709143297423 1
4.729225760838672 9.120904434283307 -1
9.932841251451608 2.9963859698102957 -1
2.8439067706114884 7.707161571028276 1
3.6455926794834514 8.811875929343827 -1
3.2293852155655642 0.5128249668507734 -1
0.9946684898569447 7.261040394969359 -1
9.651018005819209 9.385971974703883 -1
0.26883888353766094 6.817944456674389 -1
6.798498136776271 6.488372023450738 1
5.295207299650589 7.4800318280246305 1
3.1535814519377183 3.140235838435783 1
1.2629501975470125 3.3529347688343805 -1
1.4752791817400357 5.274611951955958 1
2.6181638863630887 8.966136711119828 -1
3.731220401403923 7.434469510557112 1
9.001129721692537 4.842498027802057 -1
0.39981224764428114 9.430702195973815 -1
8.860769866283022 2.983616801954596 -1
1.6502378436507092 7.828078787121836 -1
6.42479837872354 7.410717795522541 1
5.24124087937015 0.45738783127920346 -1
6.809243029398448 3.3489134157849696 1
1.7917294799444594 7.226601096354449 1
3.509422070683873 5.891173717597425 1
5.929876708398297 5.773588489474985 1
9.69851642171623 7.886601107135353 -1
0.4331852330261099 1.1431912883248208 -1
7.8082453522809665 0.09553855737555184 -1
5.971031336520615 4.174474118279101 1
8.289580581119353 8.2749650819895 -1
5.38159677493173 3.8247524202883563 1
1.001568574496542 8.312259397434067 -1
5.9857097641862245 6.403148817309359 1
6.125361598476885 2.04092160508106 1
0.42778701515830075 7.641718593042577 -1
0.9904385126358428 4.7464087248941045 -1
1.1796546809627473 6.648938314561579 -1
4.0374906725236315 9.172409431243459 -1
7.861818993238769 6.5423296519233185 1
4.455329136320416 4.989771840513998 1
8.700751206584949 3.3672761379809812 -1
4.995856405651402 6.326287950201472 1
9.000120158728425 9.755423756309847 -1
0.28212843564046186 5.914992328502711 -1
1.5791233125019388 5.167681511992907 1
9.509821735226819 2.4272837055163885 -1
1.9165430883643997 9.66210530870968 -1
3.2534801685341086 8.82291952051191 -1
6.923393922578289 6.677782268489088 1
4.989955084506114 6.678028903838214 1
9.724911101137979 2.2669327440421885 -1
3.5129196048838396 5.568319400903995 1
5.123677825578184 2.2650043613548334 1
2.1008733824851724 2.728455736261457 1
2.362637523039286 1.9467373556012157 -1
2.276770542396277 5.652045547525383 1
1.9355720355088835 1.245014109949898 -1
3.0123989186492994 8.06598128024559 1
2.3884156947725934 0.9423161200684005 -1
0.6780483184923725 6.326830234554746 -1
5.022966549142619 9.217599996068728 -1
7.64170955668721 7.976973248578293 1
5.572159368026652 1.7453418242005858 1
1.413045178361686 9.464621335951634 -1
9.590203455992848 0.8435861148648915 -1
4.675505380371032 5.205395456731441 1
9.678893719066117 4.939572586602829 -1
1.3015737910764258 4.003347830627923 1
0.1310303342816277 3.3172121964630086 -1
3.6869317187617523 4.970707674406895 1
6.6072733830194235 9.308342841668614 -1
8.921826011889308 3.10256775132928 -1
1.6282081183044284 9.258816933437828 -1
9.399186580557735 7.0179307317969295 -1
8.868880683155066 3.5341879026537226 -1
5.422555902383506 2.666302333530729 1
7.595860795755188 5.623921670179735 1
8.427467557899746 1.2073570117042698 -1
9.2368683267478 9.210528092303806 -1
6.964107475984252 9.570586024757455 -1
9.37517685602784 3.1444637856801414 -1
1.0821978894214168 3.3622747757543667 -1
2.4845473494771175 7.806605543491443 1
0.33389365635424717 7.866494086229556 -1
1.7434300334549335 3.848481533511138 1
4.607971025968172 0.004937977977539365 -1
6.6095672531372145 9.422382899834162 -1
0.029063919900086388 8.070489701459916 -1
8.057150146215383 6.025030390954198 1
5.949543797931742 9.63449855825042 -1
4.636525183242682 3.0290191747330333 1
2.3018871044118407 7.680788108503931 1
8.717198864267237 0.6148466712972622 -1
3.222712846845035 6.728422485314933 1
9.575720690137242 6.606383426991221 -1
5.17738286803493 4.783996074173663 1
9.11455498749017 1.8931725372009423 -1
8.831987126993123 0.11914389824296823 -1
6.85898872552385 2.5593064509529784 1
5.183727177198701 1.3430832882367505 1
5.3117450356372755 6.071362616149322 1
1.502780009417104 6.216763223395214 1
3.4582985744954287 6.473675987362668 1
8.689836474414838 6.168420560519893 1
0.015865242454469186 2.907188876170992 -1
2.0303035783573744 2.2661210039521995 -1
9.262658947446276 0.051654677786400205 -1
1.9537599007650175 6.377119984625659 1
7.366200484978633 1.5342490797962127 -1
6.168883789643315 0.567293738984882 -1
8.605400056241667 4.15842575355025 1
0.7493388258632017 4.449770745781281 -1
5.954910267353667 1.4279643612380188 1
9.72561720347102 8.697451431582508 -1
0.7046445342143304 0.6815761889676186 -1
5.225139804455596 0.002989607827215135 -1
6.1464506210547505 9.955401161897239 -1
7.909293827912958 5.5891882569718945 1
4.067873299164888 7.733283142439435 1
3.4276883150543602 4.582648821251672 1
2.4489484170525744 9.36791983902573 -1
5.192178372574646 1.0178695448024322 1
0.737944362316284 5.702309180183352 -1
5.918055565045513 6.608416494991273 1
4.0879087517962684 4.272300158661054 1
9.171968133336048 7.252003072156679 -1
5.855874931779778 1.706133484527298 1
3.2887562989538277 7.697853566193135 1
0.4956925633242193 5.1470650379601155 -1
0.5276092578628477 3.8299448333445074 -1
5.638113607399817 1.4062201097794136 1
2.2876566820017805 9.921085417101148 -1
7.902685604311788 9.632426947645115 -1
1.9032617583710887 4.5609406937327925 1
0.830007104682986 4.452429506529195 -1
8.324292664701323 9.733867561464951 -1
3.914814696183002 4.686712403516967 1
5.581864435146967 6.857839240313894 1
4.448744110297225 3.4796430528963675 1
9.972077381287555 3.857960745695487 -1
8.248234263988076 2.308674789259877 -1
8.739683374527612 7.9148934637849155 -1
1.015782268403308 4.767157455285136 1
4.237665041177183 0.36298008814163896 -1
7.025485651509427 4.012434559729247 1
9.771936890291027 6.806865740544082 -1
7.856167577024017 6.7185029522409065 1
3.9431641786774874 5.22880451025422 1
1.2691330206035512 3.4688413312039312 -1
3.6482047489912297 8.162785695149745 1
0.7622544254423447 5.777051107831318 -1
9.00548339072907 8.55146049504275 -1
2.53617484003854 6.571225094746099 1
5.502254109544112 4.676168603006834 1
4.030613154401344 8.45179114318887 1
8.302321903200541 8.206649038179965 -1
3.3902992031444654 0.8470576218296555 -1
3.800554289534641 6.8256899514643985 1
1.7857559336527518 5.680032087513535 1
0.7197638249329474 1.1105665591696512 -1
3.5060496394703167 4.57193257275359 1
1.7679650390874646 8.287843443011354 -1
8.965187948329286 5.128499547012763 1
3.836061284835105 1.086432316108581 -1
6.356920672644937 2.6419722883801136 1
1.0612163351370651 4.94394380093283 1
2.5899952303817675 9.363375759901588 -1
1.3091853604824766 3.121975635432521 -1
5.984494200433196 7.383960952738496 1
1.0516613765849347 9.485231688798235 -1
7.33497175710286 0.7468999449586844 -1
9.212395848922293 8.214896465016414 -1
3.121597324238614 9.702135911584879 -1
2.5220174694430697 8.656391491561642 -1
5.810522766201349 4.126000802985143 1
6.7995620662285985 4.487790807305352 1
4.324428904619255 8.681611158209185 1
1.2769129893646014 4.430181692107026 1
